100
13.601197642427037 -2.543745545467625 0.059881038538748085 0.9982055205334825 -0.21203969621209875
13.930838156915529 -2.575161426298123 0.16443614199199127 0.9863877306651729 -0.4255595491824084
14.252843383341865 -2.6523783966784644 0.30079492618977516 0.9536888446335563 -0.42555954918240335
14.560881753812618 -2.7738781443256038 0.4312391992527381 0.9022376366722115 -0.4255595491824082
14.848896329817618 -2.937271627577702 0.5532040438956156 0.8330457885479872 -0.4255595491824135
15.111223899419253 -3.1393460509654587 0.6642912732844878 0.7474738150852335 -0.4255595491823914
15.34270633262167 -3.37612803820115 0.7623165864290462 0.647204312450996 -0.42555954918241246
15.538792005346519 -3.64296176041901 0.8453525179513619 0.5342088733756604 -0.42555954918240035
15.695625297722145 -3.934600483436404 0.9117663377126636 0.4107093198529066 -0.4255595491824054
15.81012240688719 -4.245309733947943 0.9602521550802211 0.2791340155978687 -0.42555954918239136
15.880031983606349 -4.568980056102359 0.9898565965702005 0.14207011728882057 -0.4255595491824244
15.903979400404435 -4.89924714133686 0.9999975519686735 0.002212703473130489 -0.42555954918239747
15.881493780777326 -5.229616969363845 0.9904756203270214 -0.13768821858751135 -0.42555954918240485
15.813017258006134 -5.553593499670844 0.9614780307698594 -0.27488178613162656 -0.42555954918242533
15.699896281519157 -5.864806402744009 0.9135749610209019 -0.40667037093407443 -0.42555954918236466
15.544355141744067 -6.157136319444405 0.8477083260353335 -0.530462622595007 -0.4255595491824298
15.349452234029393 -6.424835185570058 0.7651732571871075 -0.6438244220947765 -0.4255595491824036
15.11901992161507 -6.662639255669756 0.6675926361847068 -0.74452674371842 -0.42555954918239547
14.857589180122467 -6.8658726037286355 0.5568851844532919 -0.830589484243825 -0.42555954918242317
14.57030050527446 -7.030539065598291 0.435227735439719 -0.9003203975830016 -0.42555954918237826
14.262802835661276 -7.153400815313387 0.3050124316775691 -0.9523483693072279 -0.4255595491824212
13.941142478027166 -7.23204203025371 0.170427386986093 -0.9853702379131879 -0.4153921364705486
13.611698734926374 -7.266014294262358 0.07890822244722108 -0.9968818848942034 -0.1435026240507015
13.280813531386737 -7.284310392433219 1.2344891367165514e-05 -0.9999999999238018 -0.3344662915869633
12.950244849695427 -7.266022459838716 -0.13240357160307953 -0.9911958909452501 -0.47069179605827643
12.626466233732641 -7.196902928308641 -0.2821547085754575 -0.9593689177937226 -0.45950914291437606
12.31675449146793 -7.079710099602887 -0.3760648138747104 -0.9265933605230396 -0.14371896404502474
12.012726690678711 -6.94781216545681 -0.39799495187791595 -0.9173876052572846 -2.029287643264131e-14
11.708698889889495 -6.815914231310732 -0.39799495187791706 -0.917387605257284 1.2874100999600786e-14
11.404671089100276 -6.6840162971646535 -0.39799495187791706 -0.917387605257284 -1.2874100999600786e-14
11.10064328831106 -6.552118363018575 -0.39799495187791695 -0.9173876052572842 1.3855825932841014e-14
10.796615487521843 -6.420220428872498 -0.39799495187791706 -0.917387605257284 -1.4837550866081078e-14
10.492587686732625 -6.288322494726419 -0.39799495187791606 -0.9173876052572845 2.1274601365881354e-14
10.188559885943405 -6.156424560580342 -0.39799495187791495 -0.917387605257285 -1.3855825932840848e-14
9.884532085154188 -6.024526626434263 -0.397994951877918 -0.9173876052572836 -6.437050499800437e-15
9.580504284364972 -5.892628692288185 -0.3979020892601307 -0.9174278867368395 0.0006108692831295235
9.276449926989914 -5.760792370398096 -0.36569537204319574 -0.9307345995858265 0.2100485911035838
8.964176264380892 -5.650466958246041 -0.2734714648506746 -0.9618801161851857 0.37932320447448764
8.640568913657871 -5.580005483071312 -0.15120023135523428 -0.988503156311665 0.37932320447446766
8.31069525553096 -5.5505113039889205 -0.026561347267112644 -0.9996471851765281 0.37932320447450546
7.979720795073624 -5.562446271552665 0.09849346204173323 -0.9951376979770357 0.3793232044744892
7.652828274867929 -5.615623495618444 0.22096991629482393 -0.9752806242782938 0.3728067816902392
7.33490505907242 -5.7085425598032495 0.300455843449045 -0.9537957255813861 0.12570100521698055
7.020951796121786 -5.814671337085296 0.32023790122785656 -0.9473371557250235 -7.660972938181604e-15
6.706998533171153 -5.920800114367342 0.320237901227857 -0.9473371557250235 1.0250688627321978e-14
6.3930452702205205 -6.026928891649389 0.320237901227859 -0.9473371557250228 2.5897156891403804e-15
6.079092007269889 -6.133057668931436 0.3202379012278557 -0.9473371557250237 -2.3091092943784303e-14
5.7651387443192545 -6.2391864462134805 0.32023790122785534 -0.9473371557250239 2.0501377254643892e-14
5.451185481368622 -6.345315223495527 0.3202379012278574 -0.9473371557250233 -7.66097293818164e-15
5.1372322184179895 -6.451444000777573 0.320237901227857 -0.9473371557250235 5.071257249041269e-15
4.823278955467356 -6.55757277805962 0.32023790122785817 -0.9473371557250231 2.5897156891403607e-15
4.5093256925167235 -6.6637015553416665 0.3202379012278574 -0.9473371557250233 -7.66097293818164e-15
4.195372429566091 -6.769830332623712 0.31807073298894556 -0.9480669854055013 -0.013801446380164102
3.8809606074751906 -6.874514236576776 0.20871406410924712 -0.9779767070043136 -0.6810851667511022
3.552775871867433 -6.906969528454588 -0.07276913972130632 -0.9973488117525487 -1.065415782970911
3.2327778053112413 -6.827221148802668 -0.4037812420208504 -0.9148555670662443 -1.0654157829709165
2.958205909935786 -6.644549747300579 -0.687803646589474 -0.7258967858712573 -1.0654157829709026
2.7610132559345337 -6.380213552531965 -0.8917834882849206 -0.452462385201664 -1.0654157829709332
2.664147970268271 -6.064974463760283 -0.9884779817410221 -0.1513647238070871 -0.8990433181486068
2.662055514114703 -5.733976130420436 -0.9999353759593652 0.011368548940082886 -0.10678720281065168
2.671677445188247 -5.402709791763537 -0.9995784343863167 0.029033661667110834 -1.2125160439151425e-14
2.6812993762617925 -5.071443453106638 -0.9995784343863167 0.029033661667111504 8.083440292767617e-15
2.690921307335337 -4.740177114449739 -0.9995784343863167 0.02903366166710886 7.848649442452246e-15
2.7005432384088808 -4.40891077579284 -0.9995784343863167 0.029033661667108822 -7.613858592136836e-15
2.7101651694824254 -4.07764443713594 -0.998867708913942 0.047574153581672454 -0.11209628179527843
2.7320578083823452 -3.747230347726758 -0.987662352056278 0.1565984620954524 -0.5544016938273478
2.8134047605505574 -3.4265150711430112 -0.9404481887391948 0.3399370593171152 -0.5999078160211716
2.955919241932565 -3.1279095824833676 -0.8557785579860384 0.5173423041771634 -0.599907816021175
3.15409426960828 -2.862952465826771 -0.7380403025113399 0.6747566315857665 -0.5999078160211546
3.4002720499133985 -2.641882079421691 -0.5917830130349506 0.8060973052202045 -0.5999078160211737
3.6849398875884734 -2.4732409294770705 -0.4226583004477368 0.9062891156041932 -0.5999078160211649
3.9970977712327467 -2.3635455743339504 -0.23720140870912573 0.9714604941563019 -0.5999078160211783
4.324683430984729 -2.31703481443793 -0.06377073791326564 0.9979645750155651 -0.4684476788969557
4.655996244325174 -2.3214414326730375 0.01907258659058615 0.9998181016768724 -0.03484674669428576
4.987299999631428 -2.329674925534814 0.024844123727368973 0.9996913371217234 1.677143870381943e-14
5.3186037549376834 -2.3379084183965886 0.024844123727367634 0.9996913371217234 -8.687085383630267e-15
5.649907510243937 -2.346141911258364 0.024844123727369674 0.9996913371217232 -3.640355284467119e-15
5.981211265550192 -2.35437540412014 0.024844123727369008 0.9996913371217234 7.682531944561708e-15
6.312515020856445 -2.3626088969819152 0.02484412372736834 0.9996913371217234 -3.6403552844671425e-15
6.6438187761627 -2.370842389843691 0.024844123727369577 0.9996913371217234 -3.841265972280818e-15
6.975122531468956 -2.3790758827054668 0.024844123727368973 0.9996913371217234 7.481621256747967e-15
7.306426286775209 -2.387309375567242 0.024844123727369674 0.9996913371217232 -1.1724708604656268e-14
7.637730042081464 -2.3955428684290183 0.024844123727368973 0.9996913371217234 1.5967795952564544e-14
7.969033797387718 -2.403776361290793 0.024844123727368973 0.9996913371217234 -1.576688526475082e-14
8.300337552693973 -2.4120098541525694 0.024844123727370344 0.9996913371217232 7.682531944561683e-15
8.631641308000226 -2.420243347014345 0.024844123727367665 0.9996913371217234 8.486174695816579e-15
8.962945063306481 -2.4284768398761196 0.02484412372736834 0.9996913371217234 -1.2528351355911167e-14
9.294248818612735 -2.4367103327378956 0.024844123727369674 0.9996913371217232 4.443998035722031e-15
9.62555257391899 -2.444943825599671 0.02484412372736961 0.9996913371217234 -4.0421766600945556e-15
9.956856329225245 -2.453177318461447 0.02484412372736834 0.9996913371217234 1.1724708604656296e-14
10.288160084531498 -2.461410811323222 0.024844123727369074 0.9996913371217234 -1.6168706640378396e-14
10.619463839837751 -2.4696443041849983 0.024844123727369744 0.9996913371217234 1.2126529980283795e-14
10.950767595144004 -2.4778777970467734 0.024844123727366996 0.9996913371217234 4.443998035721991e-15
11.28207135045026 -2.486111289908548 0.024844123727369674 0.9996913371217232 -2.061270467610033e-14
11.613375105756512 -2.494344782770325 0.024844123727369744 0.9996913371217234 2.0210883300472993e-14
11.944678861062766 -2.5025782756320996 0.024844123727367665 0.9996913371217234 -7.68253194456173e-15
12.27598261636902 -2.510811768493875 0.024844123727369674 0.9996913371217232 -4.443998035722031e-15
12.607286371675274 -2.519045261355651 0.024844123727369744 0.9996913371217234 4.042176660094599e-15
12.938590126981527 -2.5272787542174266 0.02484412372736773 0.9996913371217234 8.084353320189198e-15
13.26989388228778 -2.5355122470792013 0.02484383032090565 0.9996913444133574 1.7712232655125842e-06
