0, 0, 0, 0, 0, 0, 0, 0, 0, 0, 0, 0, 0, 0, 0, 0, 0, 0, 0, 0, 0, 0, 0, 0, 0, 0,
0, 0, 0, 0, 0, 0, 0, 0, 0, 0, 0, 0, 0, 0, 255, 254, 128, 2, 128, 2, 128, 2,
128, 2, 128, 2, 128, 2, 128, 2, 128, 2, 128, 2, 128, 2, 128, 2, 128, 2, 128, 2,
128, 2, 255, 254, 0, 0, 0, 0, 0, 0, 0, 0, 255, 254, 128, 2, 128, 2, 128, 2,
128, 2, 128, 2, 128, 2, 128, 2, 128, 2, 128, 2, 128, 2, 128, 2, 128, 2, 128, 2,
128, 2, 255, 254, 0, 0, 0, 0, 0, 0, 0, 0, 255, 254, 128, 2, 128, 2, 129, 66,
129, 130, 129, 130, 129, 130, 143, 130, 143, 242, 143, 226, 143, 66, 131, 194,
131, 130, 129, 2, 128, 2, 255, 254, 0, 0, 0, 0, 0, 0, 0, 0, 255, 254, 128, 2,
128, 2, 129, 2, 131, 2, 135, 2, 141, 194, 153, 98, 129, 2, 129, 2, 129, 2, 129,
2, 129, 2, 129, 2, 128, 2, 255, 254, 0, 0, 0, 0, 0, 0, 0, 0, 255, 254, 128, 2,
128, 2, 128, 2, 128, 2, 128, 2, 128, 2, 128, 2, 128, 2, 128, 2, 128, 2, 128, 2,
128, 2, 128, 2, 128, 2, 255, 254, 0, 0, 0, 0, 0, 0, 0, 0, 255, 254, 128, 2,
128, 2, 128, 2, 128, 2, 128, 2, 128, 2, 128, 2, 128, 2, 128, 2, 128, 2, 128, 2,
128, 2, 128, 2, 128, 2, 255, 254, 0, 0, 0, 0, 0, 0, 0, 0, 255, 254, 128, 2,
128, 2, 128, 2, 128, 2, 128, 2, 128, 2, 128, 2, 128, 2, 128, 2, 128, 2, 128, 2,
128, 2, 128, 2, 128, 2, 255, 254, 0, 0, 0, 0, 0, 0, 0, 0, 255, 254, 128, 2,
128, 2, 128, 2, 128, 2, 128, 2, 128, 2, 128, 2, 128, 2, 128, 2, 128, 2, 128, 2,
128, 2, 128, 2, 128, 2, 255, 254, 0, 0, 0, 0, 0, 0, 0, 0, 255, 254, 128, 2,
128, 2, 128, 2, 128, 2, 128, 2, 128, 2, 128, 2, 128, 2, 128, 2, 128, 2, 128, 2,
128, 2, 128, 2, 128, 2, 255, 254, 0, 0, 0, 0, 0, 0, 0, 0, 255, 254, 128, 2,
128, 2, 128, 2, 128, 2, 128, 2, 128, 2, 128, 2, 128, 2, 128, 2, 128, 2, 128, 2,
128, 2, 128, 2, 128, 2, 255, 254, 0, 0, 0, 0, 0, 0, 0, 0, 255, 254, 128, 2,
128, 2, 128, 2, 128, 2, 128, 2, 128, 2, 128, 2, 128, 2, 128, 2, 128, 2, 128, 2,
128, 2, 128, 2, 128, 2, 255, 254, 0, 0, 0, 0, 0, 0, 0, 0, 255, 254, 128, 2,
128, 2, 128, 2, 128, 2, 128, 2, 128, 2, 128, 2, 128, 2, 128, 2, 128, 2, 128, 2,
128, 2, 128, 2, 128, 2, 255, 254, 0, 0, 0, 0, 0, 0, 0, 0, 255, 254, 128, 2,
128, 2, 128, 2, 128, 2, 128, 2, 128, 2, 128, 2, 128, 2, 128, 2, 128, 2, 128, 2,
128, 2, 128, 2, 128, 2, 255, 254, 0, 0, 0, 0, 0, 0, 0, 0, 255, 254, 128, 2,
128, 2, 128, 2, 128, 2, 128, 2, 128, 2, 128, 2, 128, 2, 128, 2, 128, 2, 128, 2,
128, 2, 128, 2, 128, 2, 255, 254, 0, 0, 0, 0, 0, 0, 0, 0, 255, 254, 128, 2,
128, 2, 128, 2, 128, 2, 128, 2, 128, 2, 128, 2, 128, 2, 128, 2, 128, 2, 128, 2,
128, 2, 128, 2, 128, 2, 255, 254, 0, 0, 0, 0, 0, 0, 0, 0, 255, 254, 128, 2,
128, 2, 128, 2, 128, 2, 128, 2, 128, 2, 128, 2, 128, 2, 128, 2, 128, 2, 128, 2,
128, 2, 128, 2, 128, 2, 255, 254, 0, 0, 0, 0, 0, 0, 0, 0, 255, 254, 128, 2,
128, 2, 128, 2, 128, 2, 128, 2, 128, 2, 128, 2, 128, 2, 128, 2, 128, 2, 128, 2,
128, 2, 128, 2, 128, 2, 255, 254, 0, 0, 0, 0, 0, 0, 0, 0, 255, 254, 128, 2,
128, 2, 128, 2, 128, 2, 128, 2, 128, 2, 128, 2, 128, 2, 128, 2, 128, 2, 128, 2,
128, 2, 128, 2, 128, 2, 255, 254, 0, 0, 0, 0, 0, 0, 0, 0, 255, 254, 128, 2,
128, 2, 128, 2, 128, 2, 128, 2, 128, 2, 128, 2, 128, 2, 128, 2, 128, 2, 128, 2,
128, 2, 128, 2, 128, 2, 255, 254, 0, 0, 0, 0, 0, 0, 0, 0, 255, 254, 128, 2,
128, 2, 128, 2, 128, 2, 128, 2, 128, 2, 128, 2, 128, 2, 128, 2, 128, 2, 128, 2,
128, 2, 128, 2, 128, 2, 255, 254, 0, 0, 0, 0, 0, 0, 0, 0, 25, 48, 27, 176, 7,
192, 15, 224, 31, 240, 62, 248, 124, 124, 248, 62, 248, 62, 255, 254, 255, 254,
248, 62, 248, 62, 248, 62, 248, 62, 248, 62, 0, 0, 0, 0, 0, 0, 0, 0, 12, 96,
12, 96, 0, 0, 127, 252, 255, 254, 248, 62, 248, 62, 248, 62, 248, 62, 248, 62,
248, 62, 248, 62, 248, 62, 248, 62, 255, 254, 127, 252, 0, 0, 0, 0, 0, 0, 0, 0,
15, 224, 24, 48, 24, 48, 15, 224, 31, 240, 62, 248, 124, 124, 248, 62, 248, 62,
255, 254, 255, 254, 248, 62, 248, 62, 248, 62, 248, 62, 248, 62, 0, 0, 0, 0, 0,
0, 0, 0, 0, 0, 0, 0, 0, 0, 24, 192, 24, 192, 0, 0, 127, 248, 255, 248, 248,
248, 248, 248, 248, 248, 248, 248, 248, 248, 248, 248, 255, 248, 127, 248, 0,
0, 0, 0, 0, 0, 0, 0, 0, 0, 0, 0, 0, 0, 24, 192, 24, 192, 0, 0, 127, 240, 255,
248, 248, 248, 248, 248, 248, 248, 248, 248, 248, 248, 248, 248, 255, 248, 127,
240, 0, 0, 0, 0, 0, 0, 0, 0, 0, 0, 15, 128, 24, 192, 24, 192, 15, 128, 0, 0,
127, 248, 255, 248, 248, 248, 248, 248, 248, 248, 248, 248, 248, 248, 248, 248,
255, 248, 127, 248, 0, 0, 0, 0, 0, 0, 0, 0, 255, 254, 128, 2, 128, 2, 128, 2,
128, 2, 128, 2, 128, 2, 128, 2, 128, 2, 128, 2, 128, 2, 128, 2, 128, 2, 128, 2,
128, 2, 255, 254, 0, 0, 0, 0, 0, 0, 0, 0, 255, 254, 128, 2, 128, 2, 128, 2,
128, 2, 128, 2, 128, 2, 128, 2, 128, 2, 128, 2, 128, 2, 128, 2, 128, 2, 128, 2,
128, 2, 255, 254, 0, 0, 0, 0, 0, 0, 0, 0, 255, 254, 128, 2, 128, 2, 128, 2,
128, 2, 128, 2, 128, 2, 128, 2, 128, 2, 128, 2, 128, 2, 128, 2, 128, 2, 128, 2,
128, 2, 255, 254, 0, 0, 0, 0, 0, 0, 0, 0, 255, 254, 128, 2, 128, 2, 128, 2,
128, 2, 128, 2, 128, 2, 128, 2, 128, 2, 128, 2, 128, 2, 128, 2, 128, 2, 128, 2,
128, 2, 255, 254, 0, 0, 0, 0, 0, 0, 0, 0, 255, 254, 128, 2, 128, 2, 128, 2,
128, 2, 128, 2, 128, 2, 128, 2, 128, 2, 128, 2, 128, 2, 128, 2, 128, 2, 128, 2,
128, 2, 255, 254, 0, 0, 0, 0, 0, 0, 0, 0, 0, 0, 0, 0, 0, 0, 0, 0, 0, 0, 0, 0,
0, 0, 0, 0, 0, 0, 0, 0, 0, 0, 0, 0, 0, 0, 0, 0, 0, 0, 0, 0, 0, 0, 0, 0, 0, 0,
0, 0, 248, 0, 248, 0, 248, 0, 248, 0, 248, 0, 248, 0, 248, 0, 248, 0, 248, 0,
248, 0, 248, 0, 248, 0, 0, 0, 0, 0, 248, 0, 248, 0, 0, 0, 0, 0, 0, 0, 0, 0,
249, 240, 249, 240, 249, 240, 241, 224, 225, 192, 193, 128, 129, 0, 0, 0, 0, 0,
0, 0, 0, 0, 0, 0, 0, 0, 0, 0, 0, 0, 0, 0, 0, 0, 0, 0, 0, 0, 0, 0, 62, 124, 62,
124, 62, 124, 62, 124, 255, 255, 255, 255, 62, 124, 62, 124, 62, 124, 62, 124,
255, 255, 255, 255, 62, 124, 62, 124, 62, 124, 62, 124, 0, 0, 0, 0, 0, 0, 0, 0,
3, 128, 3, 128, 127, 254, 255, 254, 251, 128, 251, 128, 255, 252, 127, 254, 3,
190, 3, 190, 3, 190, 3, 190, 255, 254, 255, 252, 3, 128, 3, 128, 0, 0, 0, 0, 0,
0, 0, 0, 112, 14, 248, 30, 248, 62, 248, 126, 112, 252, 1, 248, 3, 240, 7, 224,
15, 192, 31, 128, 63, 0, 126, 28, 252, 62, 248, 62, 240, 62, 224, 28, 0, 0, 0,
0, 0, 0, 0, 0, 255, 255, 255, 255, 62, 124, 62, 124, 62, 124, 62, 124, 62, 124,
62, 124, 62, 124, 62, 124, 62, 124, 62, 124, 62, 124, 62, 124, 255, 255, 255,
255, 0, 0, 0, 0, 0, 0, 0, 0, 248, 0, 248, 0, 248, 0, 240, 0, 224, 0, 192, 0,
128, 0, 0, 0, 0, 0, 0, 0, 0, 0, 0, 0, 0, 0, 0, 0, 0, 0, 0, 0, 0, 0, 0, 0, 0, 0,
0, 0, 127, 0, 255, 0, 248, 0, 248, 0, 248, 0, 248, 0, 248, 0, 248, 0, 248, 0,
248, 0, 248, 0, 248, 0, 248, 0, 248, 0, 255, 0, 127, 0, 0, 0, 0, 0, 0, 0, 0, 0,
254, 0, 255, 0, 31, 0, 31, 0, 31, 0, 31, 0, 31, 0, 31, 0, 31, 0, 31, 0, 31, 0,
31, 0, 31, 0, 31, 0, 255, 0, 254, 0, 0, 0, 0, 0, 0, 0, 0, 0, 0, 0, 0, 0, 0, 0,
16, 64, 56, 224, 29, 192, 15, 128, 255, 248, 255, 248, 15, 128, 29, 192, 56,
224, 16, 64, 0, 0, 0, 0, 0, 0, 0, 0, 0, 0, 0, 0, 0, 0, 0, 0, 0, 0, 0, 0, 0, 0,
0, 0, 30, 0, 30, 0, 255, 192, 255, 192, 30, 0, 30, 0, 0, 0, 0, 0, 0, 0, 0, 0,
0, 0, 0, 0, 0, 0, 0, 0, 0, 0, 0, 0, 0, 0, 0, 0, 0, 0, 0, 0, 0, 0, 0, 0, 0, 0,
0, 0, 0, 0, 0, 0, 0, 0, 0, 0, 0, 0, 124, 0, 124, 0, 248, 0, 0, 0, 0, 0, 0, 0,
0, 0, 0, 0, 0, 0, 0, 0, 0, 0, 0, 0, 0, 0, 255, 192, 255, 192, 0, 0, 0, 0, 0, 0,
0, 0, 0, 0, 0, 0, 0, 0, 0, 0, 0, 0, 0, 0, 0, 0, 0, 0, 0, 0, 0, 0, 0, 0, 0, 0,
0, 0, 0, 0, 0, 0, 0, 0, 0, 0, 0, 0, 0, 0, 0, 0, 0, 0, 248, 0, 248, 0, 0, 0, 0,
0, 0, 0, 0, 0, 1, 240, 1, 240, 3, 224, 3, 224, 7, 192, 7, 192, 15, 128, 15,
128, 31, 0, 31, 0, 62, 0, 62, 0, 124, 0, 124, 0, 248, 0, 248, 0, 0, 0, 0, 0, 0,
0, 0, 0, 127, 252, 255, 254, 248, 62, 248, 62, 248, 126, 248, 254, 249, 254,
251, 190, 255, 62, 254, 62, 252, 62, 248, 62, 248, 62, 248, 62, 255, 254, 127,
252, 0, 0, 0, 0, 0, 0, 0, 0, 63, 128, 63, 192, 7, 192, 7, 192, 7, 192, 7, 192,
7, 192, 7, 192, 7, 192, 7, 192, 7, 192, 7, 192, 7, 192, 7, 192, 255, 254, 255,
254, 0, 0, 0, 0, 0, 0, 0, 0, 255, 252, 255, 254, 0, 62, 0, 62, 0, 62, 0, 126,
0, 252, 1, 248, 3, 240, 7, 224, 15, 192, 31, 128, 63, 0, 126, 0, 255, 254, 255,
254, 0, 0, 0, 0, 0, 0, 0, 0, 255, 252, 255, 254, 0, 62, 0, 62, 0, 62, 0, 62,
15, 254, 15, 254, 0, 62, 0, 62, 0, 62, 0, 62, 0, 62, 0, 62, 255, 254, 255, 252,
0, 0, 0, 0, 0, 0, 0, 0, 248, 62, 248, 62, 248, 62, 248, 62, 248, 62, 248, 62,
255, 254, 255, 254, 0, 62, 0, 62, 0, 62, 0, 62, 0, 62, 0, 62, 0, 62, 0, 62, 0,
0, 0, 0, 0, 0, 0, 0, 255, 254, 255, 254, 248, 0, 248, 0, 248, 0, 248, 0, 255,
252, 255, 254, 0, 62, 0, 62, 0, 62, 0, 62, 0, 62, 0, 62, 255, 254, 255, 252, 0,
0, 0, 0, 0, 0, 0, 0, 127, 254, 255, 254, 248, 0, 248, 0, 248, 0, 248, 0, 255,
252, 255, 254, 248, 62, 248, 62, 248, 62, 248, 62, 248, 62, 248, 62, 255, 254,
127, 252, 0, 0, 0, 0, 0, 0, 0, 0, 255, 252, 255, 254, 0, 62, 0, 62, 0, 62, 0,
62, 7, 254, 7, 254, 0, 62, 0, 62, 0, 62, 0, 62, 0, 62, 0, 62, 0, 62, 0, 62, 0,
0, 0, 0, 0, 0, 0, 0, 127, 252, 255, 254, 248, 62, 248, 62, 248, 62, 248, 62,
127, 252, 255, 254, 248, 62, 248, 62, 248, 62, 248, 62, 248, 62, 248, 62, 255,
254, 127, 252, 0, 0, 0, 0, 0, 0, 0, 0, 127, 252, 255, 254, 248, 62, 248, 62,
248, 62, 248, 62, 248, 62, 248, 62, 255, 254, 127, 254, 0, 62, 0, 62, 0, 62, 0,
62, 255, 254, 255, 252, 0, 0, 0, 0, 0, 0, 0, 0, 0, 0, 0, 0, 0, 0, 0, 0, 248, 0,
248, 0, 0, 0, 0, 0, 0, 0, 0, 0, 0, 0, 248, 0, 248, 0, 0, 0, 0, 0, 0, 0, 0, 0,
0, 0, 0, 0, 0, 0, 0, 0, 0, 0, 0, 0, 0, 0, 124, 0, 124, 0, 0, 0, 0, 0, 0, 0, 0,
0, 0, 0, 124, 0, 124, 0, 248, 0, 0, 0, 0, 0, 0, 0, 0, 0, 0, 0, 0, 0, 0, 0, 1,
240, 3, 224, 7, 192, 15, 128, 31, 0, 62, 0, 124, 0, 248, 0, 124, 0, 62, 0, 31,
0, 15, 128, 7, 192, 3, 224, 1, 240, 0, 0, 0, 0, 0, 0, 0, 0, 0, 0, 0, 0, 0, 0,
0, 0, 0, 0, 0, 0, 255, 192, 255, 192, 0, 0, 255, 192, 255, 192, 0, 0, 0, 0, 0,
0, 0, 0, 0, 0, 0, 0, 0, 0, 0, 0, 0, 0, 0, 0, 248, 0, 124, 0, 62, 0, 31, 0, 15,
128, 7, 192, 3, 224, 1, 240, 3, 224, 7, 192, 15, 128, 31, 0, 62, 0, 124, 0,
248, 0, 0, 0, 0, 0, 0, 0, 0, 0, 255, 252, 255, 254, 0, 62, 0, 62, 0, 62, 0, 62,
3, 254, 7, 252, 7, 192, 7, 192, 7, 192, 7, 192, 0, 0, 0, 0, 7, 192, 7, 192, 0,
0, 0, 0, 0, 0, 0, 0, 15, 192, 63, 240, 120, 120, 96, 24, 231, 156, 204, 204,
204, 12, 204, 12, 204, 12, 204, 12, 204, 204, 231, 156, 96, 24, 120, 120, 63,
240, 15, 192, 0, 0, 0, 0, 0, 0, 0, 0, 1, 0, 3, 128, 7, 192, 15, 224, 31, 240,
62, 248, 124, 124, 248, 62, 248, 62, 255, 254, 255, 254, 248, 62, 248, 62, 248,
62, 248, 62, 248, 62, 0, 0, 0, 0, 0, 0, 0, 0, 255, 240, 255, 248, 248, 120,
248, 120, 248, 120, 248, 120, 255, 252, 255, 254, 248, 62, 248, 62, 248, 62,
248, 62, 248, 62, 248, 62, 255, 254, 255, 252, 0, 0, 0, 0, 0, 0, 0, 0, 127,
254, 255, 254, 248, 0, 248, 0, 248, 0, 248, 0, 248, 0, 248, 0, 248, 0, 248, 0,
248, 0, 248, 0, 248, 0, 248, 0, 255, 254, 127, 254, 0, 0, 0, 0, 0, 0, 0, 0,
255, 252, 255, 254, 248, 62, 248, 62, 248, 62, 248, 62, 248, 62, 248, 62, 248,
62, 248, 62, 248, 62, 248, 62, 248, 62, 248, 62, 255, 254, 255, 252, 0, 0, 0,
0, 0, 0, 0, 0, 255, 254, 255, 254, 248, 0, 248, 0, 248, 0, 248, 0, 255, 224,
255, 224, 248, 0, 248, 0, 248, 0, 248, 0, 248, 0, 248, 0, 255, 254, 255, 254,
0, 0, 0, 0, 0, 0, 0, 0, 255, 254, 255, 254, 248, 0, 248, 0, 248, 0, 248, 0,
255, 224, 255, 224, 248, 0, 248, 0, 248, 0, 248, 0, 248, 0, 248, 0, 248, 0,
248, 0, 0, 0, 0, 0, 0, 0, 0, 0, 127, 254, 255, 254, 248, 0, 248, 0, 248, 0,
248, 0, 249, 252, 249, 254, 248, 62, 248, 62, 248, 62, 248, 62, 248, 62, 248,
62, 255, 254, 127, 252, 0, 0, 0, 0, 0, 0, 0, 0, 248, 62, 248, 62, 248, 62, 248,
62, 248, 62, 248, 62, 255, 254, 255, 254, 248, 62, 248, 62, 248, 62, 248, 62,
248, 62, 248, 62, 248, 62, 248, 62, 0, 0, 0, 0, 0, 0, 0, 0, 248, 0, 248, 0,
248, 0, 248, 0, 248, 0, 248, 0, 248, 0, 248, 0, 248, 0, 248, 0, 248, 0, 248, 0,
248, 0, 248, 0, 248, 0, 248, 0, 0, 0, 0, 0, 0, 0, 0, 0, 0, 248, 0, 248, 0, 248,
0, 248, 0, 248, 0, 248, 0, 248, 0, 248, 0, 248, 0, 248, 0, 248, 0, 248, 0, 248,
0, 248, 255, 248, 255, 240, 0, 0, 0, 0, 0, 0, 0, 0, 248, 126, 248, 252, 249,
248, 251, 240, 255, 224, 255, 192, 255, 128, 255, 0, 255, 0, 255, 128, 255,
192, 255, 224, 251, 240, 249, 248, 248, 252, 248, 126, 0, 0, 0, 0, 0, 0, 0, 0,
248, 0, 248, 0, 248, 0, 248, 0, 248, 0, 248, 0, 248, 0, 248, 0, 248, 0, 248, 0,
248, 0, 248, 0, 248, 0, 248, 0, 255, 252, 255, 252, 0, 0, 0, 0, 0, 0, 0, 0,
240, 30, 248, 62, 252, 126, 254, 254, 255, 254, 255, 254, 255, 254, 251, 190,
249, 62, 248, 62, 248, 62, 248, 62, 248, 62, 248, 62, 248, 62, 248, 62, 0, 0,
0, 0, 0, 0, 0, 0, 240, 62, 248, 62, 252, 62, 254, 62, 255, 62, 255, 190, 255,
254, 251, 254, 249, 254, 248, 254, 248, 126, 248, 62, 248, 62, 248, 62, 248,
62, 248, 62, 0, 0, 0, 0, 0, 0, 0, 0, 127, 252, 255, 254, 248, 62, 248, 62, 248,
62, 248, 62, 248, 62, 248, 62, 248, 62, 248, 62, 248, 62, 248, 62, 248, 62,
248, 62, 255, 254, 127, 252, 0, 0, 0, 0, 0, 0, 0, 0, 255, 252, 255, 254, 248,
62, 248, 62, 248, 62, 248, 62, 248, 62, 248, 62, 255, 254, 255, 252, 248, 0,
248, 0, 248, 0, 248, 0, 248, 0, 248, 0, 0, 0, 0, 0, 0, 0, 0, 0, 127, 252, 255,
254, 248, 62, 248, 62, 248, 62, 248, 62, 248, 62, 248, 62, 248, 190, 249, 222,
251, 238, 249, 246, 248, 250, 248, 124, 255, 190, 127, 223, 0, 14, 0, 4, 0, 0,
0, 0, 255, 252, 255, 254, 248, 62, 248, 62, 248, 62, 248, 62, 255, 254, 255,
252, 248, 62, 248, 62, 248, 62, 248, 62, 248, 62, 248, 62, 248, 62, 248, 62, 0,
0, 0, 0, 0, 0, 0, 0, 127, 254, 255, 254, 248, 0, 248, 0, 248, 0, 248, 0, 255,
252, 127, 254, 0, 62, 0, 62, 0, 62, 0, 62, 0, 62, 0, 62, 255, 254, 255, 252, 0,
0, 0, 0, 0, 0, 0, 0, 255, 254, 255, 254, 7, 192, 7, 192, 7, 192, 7, 192, 7,
192, 7, 192, 7, 192, 7, 192, 7, 192, 7, 192, 7, 192, 7, 192, 7, 192, 7, 192, 0,
0, 0, 0, 0, 0, 0, 0, 248, 62, 248, 62, 248, 62, 248, 62, 248, 62, 248, 62, 248,
62, 248, 62, 248, 62, 248, 62, 248, 62, 248, 62, 248, 62, 248, 62, 255, 254,
127, 252, 0, 0, 0, 0, 0, 0, 0, 0, 248, 62, 248, 62, 248, 62, 248, 62, 248, 62,
248, 62, 248, 62, 248, 62, 248, 62, 124, 124, 62, 248, 31, 240, 15, 224, 7,
192, 3, 128, 1, 0, 0, 0, 0, 0, 0, 0, 0, 0, 248, 62, 248, 62, 248, 62, 248, 62,
248, 62, 248, 62, 248, 62, 249, 62, 251, 190, 255, 254, 255, 254, 254, 254,
252, 126, 248, 62, 240, 30, 224, 14, 0, 0, 0, 0, 0, 0, 0, 0, 248, 62, 248, 62,
248, 62, 124, 124, 62, 248, 31, 240, 15, 224, 7, 192, 15, 224, 31, 240, 62,
248, 124, 124, 248, 62, 248, 62, 248, 62, 248, 62, 0, 0, 0, 0, 0, 0, 0, 0, 248,
62, 248, 62, 248, 62, 248, 62, 248, 62, 124, 124, 62, 248, 31, 240, 15, 224, 7,
192, 7, 192, 7, 192, 7, 192, 7, 192, 7, 192, 7, 192, 0, 0, 0, 0, 0, 0, 0, 0,
255, 255, 255, 255, 0, 63, 0, 126, 0, 252, 1, 248, 3, 240, 7, 224, 15, 192, 31,
128, 63, 0, 126, 0, 252, 0, 248, 0, 255, 255, 255, 255, 0, 0, 0, 0, 0, 0, 0, 0,
254, 0, 254, 0, 248, 0, 248, 0, 248, 0, 248, 0, 248, 0, 248, 0, 248, 0, 248, 0,
248, 0, 248, 0, 248, 0, 248, 0, 254, 0, 254, 0, 0, 0, 0, 0, 0, 0, 0, 0, 248, 0,
248, 0, 124, 0, 124, 0, 62, 0, 62, 0, 31, 0, 31, 0, 15, 128, 15, 128, 7, 192,
7, 192, 3, 224, 3, 224, 1, 240, 1, 240, 0, 0, 0, 0, 0, 0, 0, 0, 254, 0, 254, 0,
62, 0, 62, 0, 62, 0, 62, 0, 62, 0, 62, 0, 62, 0, 62, 0, 62, 0, 62, 0, 62, 0,
62, 0, 254, 0, 254, 0, 0, 0, 0, 0, 0, 0, 0, 0, 2, 0, 7, 0, 15, 128, 31, 192,
61, 224, 120, 240, 240, 120, 0, 0, 0, 0, 0, 0, 0, 0, 0, 0, 0, 0, 0, 0, 0, 0, 0,
0, 0, 0, 0, 0, 0, 0, 0, 0, 0, 0, 0, 0, 128, 2, 128, 2, 128, 2, 128, 2, 128, 2,
128, 2, 128, 2, 128, 2, 128, 2, 143, 250, 136, 2, 128, 2, 128, 2, 255, 254, 0,
0, 0, 0, 0, 0, 0, 0, 248, 0, 248, 0, 248, 0, 120, 0, 56, 0, 24, 0, 8, 0, 0, 0,
0, 0, 0, 0, 0, 0, 0, 0, 0, 0, 0, 0, 0, 0, 0, 0, 0, 0, 0, 0, 0, 0, 0, 0, 0, 0,
0, 0, 0, 0, 0, 0, 0, 0, 0, 0, 127, 248, 255, 248, 248, 248, 248, 248, 248, 248,
248, 248, 248, 248, 248, 248, 255, 248, 127, 248, 0, 0, 0, 0, 0, 0, 0, 0, 248,
0, 248, 0, 248, 0, 248, 0, 248, 0, 248, 0, 255, 240, 255, 248, 248, 248, 248,
248, 248, 248, 248, 248, 248, 248, 248, 248, 255, 248, 255, 240, 0, 0, 0, 0, 0,
0, 0, 0, 0, 0, 0, 0, 0, 0, 0, 0, 0, 0, 0, 0, 127, 248, 255, 248, 248, 0, 248,
0, 248, 0, 248, 0, 248, 0, 248, 0, 255, 248, 127, 248, 0, 0, 0, 0, 0, 0, 0, 0,
0, 248, 0, 248, 0, 248, 0, 248, 0, 248, 0, 248, 127, 248, 255, 248, 248, 248,
248, 248, 248, 248, 248, 248, 248, 248, 248, 248, 255, 248, 127, 248, 0, 0, 0,
0, 0, 0, 0, 0, 0, 0, 0, 0, 0, 0, 0, 0, 0, 0, 0, 0, 127, 240, 255, 248, 248,
248, 248, 248, 255, 248, 248, 0, 248, 0, 248, 248, 255, 248, 127, 240, 0, 0, 0,
0, 0, 0, 0, 0, 31, 224, 63, 224, 62, 0, 62, 0, 62, 0, 62, 0, 255, 128, 255,
128, 62, 0, 62, 0, 62, 0, 62, 0, 62, 0, 62, 0, 62, 0, 62, 0, 62, 0, 62, 0, 62,
0, 62, 0, 0, 0, 0, 0, 0, 0, 0, 0, 0, 0, 0, 0, 127, 248, 255, 248, 248, 248,
248, 248, 248, 248, 248, 248, 248, 248, 248, 248, 255, 248, 127, 248, 0, 248,
0, 248, 255, 248, 255, 240, 248, 0, 248, 0, 248, 0, 248, 0, 248, 0, 248, 0,
255, 240, 255, 248, 248, 248, 248, 248, 248, 248, 248, 248, 248, 248, 248, 248,
248, 248, 248, 248, 0, 0, 0, 0, 0, 0, 0, 0, 0, 0, 0, 0, 248, 0, 248, 0, 0, 0,
0, 0, 248, 0, 248, 0, 248, 0, 248, 0, 248, 0, 248, 0, 248, 0, 248, 0, 248, 0,
248, 0, 0, 0, 0, 0, 0, 0, 0, 0, 0, 0, 0, 0, 15, 128, 15, 128, 0, 0, 0, 0, 15,
128, 15, 128, 15, 128, 15, 128, 15, 128, 15, 128, 15, 128, 15, 128, 15, 128,
15, 128, 15, 128, 15, 128, 255, 128, 255, 0, 248, 0, 248, 0, 248, 0, 248, 0,
248, 0, 248, 0, 248, 248, 249, 240, 251, 224, 255, 192, 255, 128, 255, 128,
255, 192, 251, 224, 249, 240, 248, 248, 0, 0, 0, 0, 0, 0, 0, 0, 248, 0, 248, 0,
248, 0, 248, 0, 248, 0, 248, 0, 248, 0, 248, 0, 248, 0, 248, 0, 248, 0, 248, 0,
248, 0, 248, 0, 248, 0, 248, 0, 0, 0, 0, 0, 0, 0, 0, 0, 0, 0, 0, 0, 0, 0, 0, 0,
0, 0, 0, 0, 255, 254, 255, 255, 249, 159, 249, 159, 249, 159, 249, 159, 249,
159, 249, 159, 249, 159, 248, 31, 0, 0, 0, 0, 0, 0, 0, 0, 0, 0, 0, 0, 0, 0, 0,
0, 0, 0, 0, 0, 255, 240, 255, 248, 248, 248, 248, 248, 248, 248, 248, 248, 248,
248, 248, 248, 248, 248, 248, 248, 0, 0, 0, 0, 0, 0, 0, 0, 0, 0, 0, 0, 0, 0, 0,
0, 0, 0, 0, 0, 127, 240, 255, 248, 248, 248, 248, 248, 248, 248, 248, 248, 248,
248, 248, 248, 255, 248, 127, 240, 0, 0, 0, 0, 0, 0, 0, 0, 0, 0, 0, 0, 0, 0, 0,
0, 0, 0, 0, 0, 255, 240, 255, 248, 248, 248, 248, 248, 248, 248, 248, 248, 248,
248, 248, 248, 255, 248, 255, 240, 248, 0, 248, 0, 248, 0, 248, 0, 0, 0, 0, 0,
0, 0, 0, 0, 0, 0, 0, 0, 127, 248, 255, 248, 248, 248, 248, 248, 248, 248, 248,
248, 248, 248, 248, 248, 255, 248, 127, 248, 0, 248, 0, 248, 0, 248, 0, 248, 0,
0, 0, 0, 0, 0, 0, 0, 0, 0, 0, 0, 127, 240, 255, 240, 248, 0, 248, 0, 248, 0,
248, 0, 248, 0, 248, 0, 248, 0, 248, 0, 0, 0, 0, 0, 0, 0, 0, 0, 0, 0, 0, 0, 0,
0, 0, 0, 0, 0, 0, 0, 127, 248, 255, 248, 248, 0, 248, 0, 255, 240, 127, 248, 0,
248, 0, 248, 255, 248, 255, 240, 0, 0, 0, 0, 0, 0, 0, 0, 0, 0, 0, 0, 0, 0, 0,
0, 248, 0, 248, 0, 255, 128, 255, 128, 248, 0, 248, 0, 248, 0, 248, 0, 248, 0,
248, 0, 255, 224, 127, 224, 0, 0, 0, 0, 0, 0, 0, 0, 0, 0, 0, 0, 0, 0, 0, 0, 0,
0, 0, 0, 248, 248, 248, 248, 248, 248, 248, 248, 248, 248, 248, 248, 248, 248,
248, 248, 255, 248, 127, 248, 0, 0, 0, 0, 0, 0, 0, 0, 0, 0, 0, 0, 0, 0, 0, 0,
0, 0, 0, 0, 248, 248, 248, 248, 248, 248, 248, 248, 120, 240, 61, 224, 31, 192,
15, 128, 7, 0, 2, 0, 0, 0, 0, 0, 0, 0, 0, 0, 0, 0, 0, 0, 0, 0, 0, 0, 0, 0, 0,
0, 248, 31, 249, 159, 249, 159, 249, 159, 249, 159, 249, 159, 249, 159, 249,
159, 255, 255, 127, 255, 0, 0, 0, 0, 0, 0, 0, 0, 0, 0, 0, 0, 0, 0, 0, 0, 0, 0,
0, 0, 252, 126, 126, 252, 63, 248, 31, 240, 15, 224, 15, 224, 31, 240, 63, 248,
126, 252, 252, 126, 0, 0, 0, 0, 0, 0, 0, 0, 0, 0, 0, 0, 0, 0, 0, 0, 0, 0, 0, 0,
248, 248, 248, 248, 248, 248, 248, 248, 248, 248, 248, 248, 248, 248, 248, 248,
255, 248, 127, 248, 0, 248, 0, 248, 255, 248, 255, 240, 0, 0, 0, 0, 0, 0, 0, 0,
0, 0, 0, 0, 255, 254, 255, 252, 1, 248, 3, 240, 7, 224, 15, 192, 31, 128, 63,
0, 127, 254, 255, 254, 0, 0, 0, 0, 0, 0, 0, 0, 31, 128, 63, 128, 62, 0, 62, 0,
62, 0, 62, 0, 62, 0, 252, 0, 252, 0, 62, 0, 62, 0, 62, 0, 62, 0, 62, 0, 63,
128, 31, 128, 0, 0, 0, 0, 0, 0, 0, 0, 0, 0, 0, 0, 192, 0, 192, 0, 192, 0, 192,
0, 192, 0, 0, 0, 0, 0, 192, 0, 192, 0, 192, 0, 192, 0, 192, 0, 0, 0, 0, 0, 0,
0, 0, 0, 0, 0, 0, 0, 252, 0, 254, 0, 62, 0, 62, 0, 62, 0, 62, 0, 62, 0, 31,
128, 31, 128, 62, 0, 62, 0, 62, 0, 62, 0, 62, 0, 254, 0, 252, 0, 0, 0, 0, 0, 0,
0, 0, 0, 30, 62, 63, 126, 127, 252, 253, 248, 248, 240, 0, 0, 0, 0, 0, 0, 0, 0,
0, 0, 0, 0, 0, 0, 0, 0, 0, 0, 0, 0, 0, 0, 0, 0, 0, 0, 0, 0, 0, 0, 255, 254,
128, 2, 140, 162, 142, 226, 138, 34, 142, 226, 0, 0, 173, 182, 173, 54, 173,
180, 77, 166, 0, 0, 93, 212, 93, 220, 68, 68, 68, 68, 0, 0, 0, 0, 0, 0, 0, 0
