0, 0, 0, 0, 0, 0, 0, 0, 0, 0, 128, 192, 96, 48, 24, 12, 198, 194, 0, 0, 0, 0,
0, 160, 64, 160, 0, 0, 0, 0, 0, 48, 48, 48, 48, 252, 120, 48, 0, 0, 0, 0, 204,
0, 124, 204, 204, 124, 0, 0, 0, 48, 120, 252, 48, 48, 48, 48, 0, 0, 0, 0, 48,
0, 124, 204, 204, 124, 0, 0, 112, 216, 216, 216, 216, 216, 112, 0, 0, 0, 96,
224, 96, 96, 96, 96, 240, 0, 0, 0, 112, 216, 24, 48, 96, 192, 248, 0, 0, 0,
112, 216, 24, 48, 24, 216, 112, 0, 0, 0, 216, 216, 216, 248, 24, 24, 24, 0, 0,
0, 248, 192, 240, 24, 24, 216, 112, 0, 0, 0, 120, 192, 240, 216, 216, 216, 112,
0, 0, 0, 108, 16, 56, 108, 198, 254, 198, 198, 0, 0, 56, 16, 56, 108, 198, 254,
198, 198, 0, 0, 248, 24, 24, 48, 96, 96, 96, 0, 0, 0, 112, 216, 216, 112, 216,
216, 112, 0, 0, 0, 120, 216, 216, 120, 24, 216, 112, 0, 0, 0, 120, 204, 204,
252, 204, 204, 204, 204, 0, 0, 0, 0, 204, 0, 120, 204, 204, 120, 0, 0, 248,
204, 204, 248, 204, 204, 204, 248, 0, 0, 120, 204, 192, 192, 192, 192, 204,
120, 0, 0, 248, 204, 204, 204, 204, 204, 204, 248, 0, 0, 252, 192, 192, 240,
192, 192, 192, 252, 0, 0, 198, 124, 198, 198, 198, 198, 198, 124, 0, 0, 252,
192, 192, 240, 192, 192, 192, 192, 0, 0, 194, 68, 72, 16, 44, 66, 132, 14, 0,
0, 0, 16, 56, 124, 254, 56, 56, 56, 0, 0, 0, 56, 56, 56, 254, 124, 56, 16, 0,
0, 0, 16, 48, 126, 254, 126, 48, 16, 0, 0, 0, 16, 24, 252, 254, 252, 24, 16, 0,
0, 0, 0, 0, 0, 0, 0, 0, 0, 0, 0, 192, 192, 192, 192, 192, 192, 0, 192, 0, 0,
216, 216, 144, 0, 0, 0, 0, 0, 0, 0, 0, 108, 254, 108, 108, 254, 108, 0, 0, 0,
24, 126, 192, 124, 6, 6, 252, 48, 0, 0, 194, 198, 12, 24, 48, 96, 198, 134, 0,
0, 56, 108, 108, 56, 118, 220, 204, 118, 0, 0, 96, 96, 192, 0, 0, 0, 0, 0, 0,
0, 48, 96, 192, 192, 192, 192, 96, 48, 0, 0, 192, 96, 48, 48, 48, 48, 96, 192,
0, 0, 0, 0, 72, 48, 252, 48, 72, 0, 0, 0, 0, 0, 48, 48, 252, 48, 48, 0, 0, 0,
0, 0, 0, 0, 0, 0, 96, 96, 192, 0, 0, 0, 0, 0, 252, 0, 0, 0, 0, 0, 0, 0, 0, 0,
0, 0, 192, 192, 0, 0, 2, 6, 12, 24, 48, 96, 192, 128, 0, 0, 120, 204, 204, 204,
204, 204, 204, 120, 0, 0, 48, 112, 48, 48, 48, 48, 48, 252, 0, 0, 120, 204, 12,
24, 48, 96, 192, 252, 0, 0, 120, 204, 12, 56, 12, 12, 204, 120, 0, 0, 204, 204,
204, 252, 12, 12, 12, 12, 0, 0, 252, 192, 192, 248, 12, 12, 204, 120, 0, 0,
120, 204, 192, 248, 204, 204, 204, 120, 0, 0, 252, 12, 12, 24, 48, 48, 48, 48,
0, 0, 120, 204, 204, 120, 204, 204, 204, 120, 0, 0, 124, 204, 204, 124, 12, 12,
204, 120, 0, 0, 0, 0, 192, 192, 0, 192, 192, 0, 0, 0, 0, 0, 96, 96, 0, 0, 96,
96, 192, 0, 0, 12, 24, 48, 96, 48, 24, 12, 0, 0, 0, 0, 0, 124, 0, 124, 0, 0, 0,
0, 0, 96, 48, 24, 12, 24, 48, 96, 0, 0, 124, 198, 6, 12, 24, 48, 0, 48, 0, 0,
124, 130, 154, 162, 162, 154, 130, 124, 0, 0, 16, 56, 108, 198, 254, 198, 198,
198, 0, 0, 248, 204, 204, 252, 198, 198, 198, 252, 0, 0, 124, 198, 192, 192,
192, 192, 198, 124, 0, 0, 240, 216, 204, 198, 198, 198, 198, 252, 0, 0, 254,
192, 192, 248, 192, 192, 192, 254, 0, 0, 254, 192, 192, 248, 192, 192, 192,
192, 0, 0, 124, 198, 192, 222, 198, 198, 198, 124, 0, 0, 198, 198, 198, 254,
198, 198, 198, 198, 0, 0, 192, 192, 192, 192, 192, 192, 192, 192, 0, 0, 6, 6,
6, 6, 6, 6, 198, 124, 0, 0, 198, 204, 216, 240, 216, 204, 198, 198, 0, 0, 192,
192, 192, 192, 192, 192, 192, 254, 0, 0, 195, 231, 255, 219, 195, 195, 195,
195, 0, 0, 195, 227, 243, 219, 207, 199, 195, 195, 0, 0, 124, 198, 198, 198,
198, 198, 198, 124, 0, 0, 252, 198, 198, 198, 252, 192, 192, 192, 0, 0, 124,
198, 198, 198, 198, 198, 192, 126, 0, 0, 252, 198, 198, 252, 198, 198, 198,
198, 0, 0, 124, 198, 192, 124, 6, 6, 198, 124, 0, 0, 255, 24, 24, 24, 24, 24,
24, 24, 0, 0, 198, 198, 198, 198, 198, 198, 198, 124, 0, 0, 198, 198, 198, 198,
198, 108, 56, 16, 0, 0, 195, 195, 195, 195, 219, 255, 231, 195, 0, 0, 195, 195,
102, 60, 102, 195, 195, 195, 0, 0, 195, 195, 102, 60, 24, 24, 24, 24, 0, 0,
254, 6, 12, 24, 48, 96, 192, 254, 0, 0, 240, 192, 192, 192, 192, 192, 192, 240,
0, 0, 128, 192, 96, 48, 24, 12, 6, 2, 0, 0, 240, 48, 48, 48, 48, 48, 48, 240,
0, 0, 240, 240, 240, 240, 240, 240, 240, 240, 240, 240, 0, 0, 0, 0, 0, 0, 0,
248, 0, 0, 192, 192, 96, 0, 0, 0, 0, 0, 0, 0, 0, 0, 0, 120, 204, 204, 204, 124,
0, 0, 192, 192, 192, 248, 204, 204, 204, 248, 0, 0, 0, 0, 0, 120, 204, 192,
204, 120, 0, 0, 12, 12, 12, 124, 204, 204, 204, 124, 0, 0, 0, 0, 0, 120, 204,
252, 192, 124, 0, 0, 112, 192, 192, 240, 192, 192, 192, 192, 192, 192, 0, 0, 0,
124, 204, 204, 204, 124, 12, 248, 192, 192, 192, 248, 204, 204, 204, 204, 0, 0,
0, 192, 0, 192, 192, 192, 192, 192, 0, 0, 0, 48, 0, 48, 48, 48, 48, 48, 48,
224, 192, 192, 192, 204, 216, 240, 216, 204, 0, 0, 192, 192, 192, 192, 192,
192, 192, 192, 0, 0, 0, 0, 0, 254, 219, 219, 219, 195, 0, 0, 0, 0, 0, 248, 204,
204, 204, 204, 0, 0, 0, 0, 0, 120, 204, 204, 204, 120, 0, 0, 0, 0, 0, 248, 204,
204, 204, 248, 192, 192, 0, 0, 0, 124, 204, 204, 204, 124, 12, 12, 0, 0, 0,
112, 192, 192, 192, 192, 0, 0, 0, 0, 0, 124, 192, 120, 12, 248, 0, 0, 0, 192,
192, 240, 192, 192, 192, 112, 0, 0, 0, 0, 0, 204, 204, 204, 204, 124, 0, 0, 0,
0, 0, 198, 198, 108, 56, 16, 0, 0, 0, 0, 0, 195, 219, 219, 219, 127, 0, 0, 0,
0, 0, 198, 108, 56, 108, 198, 0, 0, 0, 0, 0, 204, 204, 204, 204, 124, 12, 248,
0, 0, 0, 252, 24, 48, 96, 252, 0, 0, 48, 96, 96, 96, 192, 96, 96, 96, 48, 0, 0,
192, 192, 192, 192, 192, 192, 192, 0, 0, 192, 96, 96, 96, 48, 96, 96, 96, 192,
0, 0, 0, 0, 0, 0, 0, 0, 0, 0, 0, 0, 0, 0, 0, 0, 0, 0, 0, 0, 0
