100
2.1488375079022326 -3.627244790013196 -0.9943492836833872 0.10615791086082385 -0.21366465671030974
2.2037140551275827 -3.2553621850645 -0.974399767205786 0.22482236025206664 -0.4292855160158218
2.3173192940985086 -2.897029997036183 -0.9259441159333293 0.3776605541600094 -0.42928551601582393
2.48673272226289 -2.5614600376292125 -0.8536847899518445 0.5207900530970953 -0.4292855160158236
2.7075991500731345 -2.257278959379521 -0.7594793932578999 0.6505313606711149 -0.429285516015823
2.9742406618631985 -1.9923064863014428 -0.6457497076633257 0.7635491569327605 -0.42928551601582055
3.2798025806592146 -1.7733543886168135 -0.5154194349272977 0.8569380409920108 -0.4292855160158216
3.616429684538687 -1.6060513694195446 -0.37183903579961897 0.9282972215059192 -0.4292855160158307
3.9754681444625803 -1.4946983649954044 -0.218699598172765 0.9757922349348098 -0.4292855160158139
4.347687992270832 -1.4421579786587537 -0.07436760090802852 0.9972308959991081 -0.3509931366443737
4.723915340433624 -1.43888358569603 -0.002313686767645956 0.9999973234231887 -0.03395858889746046
5.100225745722704 -1.4404168373561397 0.004074399516881538 0.9999916995998402 0.0
5.476536151011784 -1.4419500890162493 0.004074399516881833 0.9999916995998402 -1.5679671396649903e-15
5.852846556300864 -1.4434833406763592 0.004074399516881542 0.9999916995998402 3.1103799689936378e-15
6.2291569615899425 -1.4450165923364686 0.004074399516881538 0.9999916995998402 -3.0848256586572803e-15
6.605467366879023 -1.4465498439965785 0.004074399516881842 0.9999916995998401 1.4657498983195886e-15
6.9817777721681 -1.4480830956566881 0.004074399516881547 0.9999916995998401 1.0221724134540172e-16
7.358088177457181 -1.4496163473167978 0.004074399516881538 0.9999916995998402 -5.1108620672700504e-17
7.73439858274626 -1.4511495989769074 0.004074399516881838 0.9999916995998402 -1.5168585189922896e-15
8.11070898803534 -1.4526828506370173 0.004074399516881838 0.9999916995998402 1.5168585189922896e-15
8.487019393324418 -1.454216102297127 0.004074399516881842 0.9999916995998401 -1.5679671396649976e-15
8.863329798613497 -1.4557493539572368 0.004074399516882137 0.9999916995998401 0.0
9.239640203902576 -1.4572826056173467 0.004074399516881243 0.9999916995998402 4.755010039667668e-15
9.615950609191657 -1.4588158572774559 0.004074399516881243 0.9999916995998402 -4.755010039667668e-15
9.992261014480736 -1.4603491089375658 0.004074399516881842 0.9999916995998401 1.5679671396649976e-15
10.368571419769815 -1.4618823605976754 0.004074399516881538 0.9999916995998402 5.1108620672700504e-17
10.744881825058895 -1.463415612257785 0.004074399516881822 0.99999169959984 -1.567967139664983e-15
11.121192230347976 -1.464948863917895 0.004074399516882128 0.9999916995998402 -5.1108620672707906e-17
11.497502635637055 -1.4664821155780048 0.004074399516881538 0.9999916995998402 3.187042900002681e-15
11.873813040926136 -1.4680153672381142 0.0040743995168812325 0.99999169959984 -1.567967139664983e-15
12.250123446215216 -1.4695486188982239 0.004074399516881842 0.9999916995998401 -1.6701843810104068e-15
12.626433851504293 -1.4710818705583337 0.004074399516882137 0.9999916995998401 1.0221724134541653e-16
13.002744256793374 -1.4726151222184436 0.004074399516881518 0.9999916995998401 3.1870429000026507e-15
13.379054662082456 -1.474148373878553 0.004074399516881527 0.99999169959984 -3.2381515206753664e-15
13.755365067371535 -1.4756816255386629 0.004074399516881547 0.9999916995998401 3.1359342793299953e-15
14.131675472660614 -1.4772148771987723 0.027044437405907017 0.9996342323096973 -0.12222960298668303
14.507274703653378 -1.4960240392296564 0.11602886035415295 0.9932458424604235 -0.3536841990091555
14.877056177997423 -1.5642886610224893 0.24723121446338137 0.9689565142951264 -0.3591383866157608
15.234339583889149 -1.6815361140054013 0.3749656388982865 0.9270387098959784 -0.3591383866157538
15.572667672053749 -1.8456473632098978 0.49592323978099484 0.8683663629166676 -0.3591383866157518
15.885925776190117 -2.053656395584604 0.6079179279517463 0.7939998695685381 -0.3591383866157596
16.16845232446926 -2.3018038252993733 0.7089256026349449 0.7052832692816979 -0.3591383866157659
16.415141162172244 -2.585604837822804 0.7971207333879691 0.6038199536310692 -0.3591383866157592
16.62153383617168 -2.8999302448072464 0.8709093532515164 0.491443687943009 -0.3591383866157328
16.783900173382193 -3.2390991848613377 0.9289578668101706 0.370185469314366 -0.35913838661577124
16.899305696870574 -3.596981794811787 0.9702171525097278 0.24223682002518843 -0.3591383866157626
16.96566466120178 -3.967109995857671 0.99394152362567 0.10991017975001906 -0.3591383866157392
16.98177774850312 -4.342794392358502 0.9997022051976806 -0.024402887593361892 -0.35913838661577613
16.947353743958626 -4.7172451705225935 0.9873950833590361 -0.15827491702225618 -0.3591383866157449
16.86301479898848 -5.083694811971314 0.9572425870058376 -0.2892864145140097 -0.3591383866157632
16.730285186990958 -5.43552040435419 0.9097896677983079 -0.4150695849703333 -0.35913838661573694
16.551563754866546 -5.766363338472439 0.845893951148338 -0.5333511258173674 -0.3591383866157794
16.33008056821288 -6.070244228602618 0.7667102361963264 -0.6419933128248094 -0.3591383866157317
16.06983853375 -6.34167097904405 0.673669624912078 -0.7390326355925156 -0.3591383866157795
15.775541054044607 -6.575738043783259 0.5737329099561562 -0.8190424580162137 -0.3244352740719007
15.454872295676022 -6.772450074610778 0.49585485177235294 -0.8684054156750853 -0.16726962602504375
15.122591927519434 -6.9485685058046585 0.4056599368397998 -0.9140240782622359 -0.372156879782056
14.769139804878154 -7.076790195972715 0.27277972042972154 -0.9620765167710328 -0.38316116459375477
14.400987852690022 -7.153166533468357 0.13244261600667326 -0.991190674625881 -0.3831611645937585
14.025698698817799 -7.176128585098191 -0.010615142787689094 -0.9999436577845757 -0.38316116459374905
13.650981584499501 -7.145204661250333 -0.15345484386393515 -0.9881556612673408 -0.38316116459374794
13.284534000058224 -7.06103000540707 -0.2931422545041745 -0.9560688357143589 -0.3831611645937613
12.933883562000858 -6.925333744886167 -0.407188375339784 -0.9133441996247346 -0.2670341951876251
12.598294765573613 -6.755089879987743 -0.4540141861252858 -0.8909944549754473 -0.009543810791645752
12.263308831731967 -6.583636399073164 -0.45561338557824166 -0.8901777591480998 5.715141973790896e-15
11.92832289789032 -6.412182918158585 -0.4556133855782427 -0.8901777591480995 -1.1562301679988184e-14
11.593336964048678 -6.240729437244007 -0.45561338557824266 -0.8901777591480994 1.1430283947581981e-14
11.258351030207033 -6.069275956329429 -0.45561338557824266 -0.8901777591480995 -1.1166248482769348e-14
10.923365096365387 -5.897822475414849 -0.45561338557824355 -0.8901777591480988 5.4511065089784206e-15
10.588379162523744 -5.726368994500271 -0.45561338557824266 -0.8901777591480994 -0.0
10.2533932286821 -5.554915513585693 -0.4550495009663104 -0.8904661429107297 0.0033660954250550193
9.918192673243922 -5.383887666120648 -0.4178728732376033 -0.908505510061524 0.21671469089224907
9.570433615593478 -5.240783906604842 -0.3200593757944136 -0.9473974857292425 0.3447177953811062
9.207137214704863 -5.14367173812497 -0.19534639037241916 -0.9807343104880477 0.3447177953811339
8.834357686162134 -5.094169503175965 -0.06737802130778457 -0.9977275190374614 0.34471779538111763
8.458307278767103 -5.093102140297102 0.0617131804235833 -0.9980939251202796 0.3447177953811288
8.085252749446822 -5.140487436741323 0.1897759522069835 -0.9818274226990877 0.34471779538111236
7.7214109298010225 -5.2355357320564835 0.30878249168324917 -0.9511326788781281 0.31128730636479396
7.370974079859347 -5.372375954767605 0.37319584603085465 -0.9277525858251836 0.054080108907641804
7.023294775417579 -5.516358499724876 0.3826132570900515 -0.9239085969396226 5.794681378395515e-15
6.675615470975811 -5.660341044682148 0.3826132570900498 -0.9239085969396235 -1.6388802708602274e-14
6.327936166534041 -5.804323589639417 0.38261325709004773 -0.9239085969396242 4.799439951811252e-15
5.980256862092273 -5.948306134596687 0.38261325709004956 -0.9239085969396235 5.79468137839553e-15
5.632577557650505 -6.092288679553958 0.3826132570900502 -0.9239085969396232 -2.3997199759056418e-15
5.284898253208736 -6.236271224511229 0.3826132570900502 -0.9239085969396232 2.3997199759056418e-15
4.937218948766968 -6.380253769468499 0.3826132570900491 -0.9239085969396236 -8.194401354301157e-15
4.589539644325199 -6.524236314425769 0.3826132570900491 -0.9239085969396236 8.194401354301157e-15
4.241860339883431 -6.66821885938304 0.37756512660620895 -0.9259830317942319 -0.02901339244019083
3.8927058491345963 -6.808366942170458 0.2792548793614916 -0.9602170131552549 -0.5303466864923019
3.523830162917786 -6.8770398110006 0.051550104142437034 -0.9986704094759712 -0.7166419146704703
3.149844213633509 -6.846712520761893 -0.21178689785691363 -0.9773158700727956 -0.7166419146704701
2.796853115480883 -6.719501988885451 -0.4603406675850722 -0.88774234424597 -0.7166419146704645
2.489496491809878 -6.5042878149078875 -0.6767615571320246 -0.7362022784454265 -0.7166419146704696
2.249228570449487 -6.216092463175002 -0.845942870517589 -0.533273531895651 -0.7166419146704675
2.092820627265825 -5.875032658882059 -0.9560753472207771 -0.2931210167092605 -0.7166419146704699
2.0311903109734293 -5.504915192516333 -0.9982927653498096 -0.0584085152202166 -0.5719643863500566
2.0491829444884204 -5.129196493571785 -0.9983728337206544 0.057023546790694546 -0.048912012508025036
2.0740965927210544 -4.753708568171746 -0.9978060755762452 0.06620449790710897 0.0
2.0990102409536884 -4.378220642771707 -0.9978060755762452 0.06620449790710897 0.0
2.1239238891863224 -4.002732717371668 -0.9978060781783785 0.0662044586888491 2.0889225547773798e-07
