-3.274873115997077311e-01,
-3.298978694034236936e-01,
-3.095245164542426153e-01,
-2.388773601507781785e-01,
-1.456255822338345385e-01,
-5.849861320480333193e-02,
1.344129709720251822e-02,
6.732894541204953454e-02,
9.439076633257124926e-02,
1.131360394276813980e-01,
1.327516162138000222e-01,
1.419556757354882015e-01,
1.344518152714982429e-01,
1.212202082849360429e-01,
1.105885700460836202e-01,
8.509745537348724354e-02,
4.256923979755602994e-02,
-2.311610980740521314e-03,
-5.100831917929302822e-02,
-9.471280530011812193e-02,
-1.292308191209185220e-01,
-1.515738362933828076e-01,
-1.627734290638054582e-01,
-1.616402025591353597e-01,
-1.427767185808133665e-01,
-1.132755336966255882e-01,
-7.731424234876688173e-02,
-3.288444809534493002e-02,
1.323733780636799848e-02,
6.103688297992899275e-02,
1.068580832060766345e-01,
1.442791198037327027e-01,
1.580332748263376108e-01,
1.671332041413351455e-01,
1.787061721264529834e-01,
1.824064819561524997e-01,
1.558248678506011509e-01,
1.024589199390534416e-01,
4.697846639769664989e-02,
-2.273560899082321604e-02,
-1.099888010139968980e-01,
-2.071895466924590368e-01,
-3.002576992302568026e-01,
-3.680948229555857654e-01,
-3.999809613381301587e-01,
-3.931485976029727158e-01,
-3.679548978291325989e-01,
-3.253817076831396204e-01,
-2.574793497010146592e-01,
-1.713592001858934288e-01,
-6.986687621640602641e-02,
4.736685160480299389e-02,
1.529812845093377616e-01,
2.273630743726028636e-01,
2.928122030050647751e-01,
3.516406453704040702e-01,
3.893680130252205607e-01,
3.999959088121318174e-01,
3.977179641049600201e-01,
3.720785275710312701e-01,
2.522231075596762517e-01,
8.225808310793197853e-02,
-7.188435439605858623e-02,
-2.063923124431623346e-01,
-3.061753633290937304e-01,
-3.612454680320183464e-01,
-3.918837909897533445e-01,
-3.999868257298243579e-01,
-3.955288485881304772e-01,
-3.852669517001350852e-01,
-3.756479355086390082e-01,
-3.657760815545885169e-01,
-3.564388281053937346e-01,
-3.451923001745603736e-01,
-3.260751423122648651e-01,
-2.985359746120131996e-01,
-2.663055524375437799e-01,
-2.323633272967410568e-01,
-1.885373379238226565e-01,
-1.248766897608688253e-01,
-4.688249889034547258e-02,
3.658030627924321876e-02,
1.321789420863682396e-01,
2.412893772954828875e-01,
3.250156672856651108e-01,
3.653609902580822744e-01,
3.686082220577531765e-01,
3.419296084576233241e-01,
3.089221572020198203e-01,
2.526250146200671454e-01,
1.297625349128366246e-01,
-2.265189880338029302e-02,
-1.513247945053372567e-01,
-2.545679217558688423e-01,
-3.008664193921251062e-01,
-2.926336742457220641e-01,
