6.137179658055905151e-02,
-9.981149746319181171e-01,
-3.199042468907409287e-02,
-9.994881753818865011e-01,
-1.152141899275315046e-01,
-9.933406718942613400e-01,
-2.299195331625643879e-01,
-9.732096425078763380e-01,
-7.660019173291320038e-02,
-9.970618890653082378e-01,
6.789182230967935605e-02,
-9.976926883882988317e-01,
2.071523129780273864e-01,
-9.783087034407152993e-01,
4.074416377040963044e-01,
-9.132312477488950808e-01,
5.718109465368582667e-01,
-8.203854224817883622e-01,
6.378907470841815863e-01,
-7.701268692782928804e-01,
7.135108539046249865e-01,
-7.006441759982686701e-01,
8.178334444176917906e-01,
-5.754550001450109420e-01,
8.923914719390080297e-01,
-4.512620755287670704e-01,
9.181475852229529222e-01,
-3.962385793297520387e-01,
9.518360097839951850e-01,
-3.066075838567635103e-01,
9.907735614971454607e-01,
-1.355276718543568792e-01,
9.995830579294565643e-01,
-2.887404198232133151e-02,
9.994875604462949426e-01,
3.200963156791887532e-02,
9.945108504195293575e-01,
1.046334955825547197e-01,
9.917482211492835154e-01,
1.282008808364120678e-01,
9.916425516969749054e-01,
1.290156954169239256e-01,
9.912285789364577715e-01,
1.321586330877046467e-01,
9.912598529258598301e-01,
1.319238567409346807e-01,
9.943165122863462102e-01,
1.064644231408607561e-01,
9.972845366754831131e-01,
7.364477515728395929e-02,
9.947554281454589198e-01,
1.022821498363459258e-01,
9.940061274224065713e-01,
1.093243735253511678e-01,
9.907284025371027036e-01,
1.358573973189551309e-01,
9.838256964848766106e-01,
1.791284425657954926e-01,
9.763967252870773272e-01,
2.159848023557944530e-01,
9.646965407575009976e-01,
2.633639767517788055e-01,
9.186854792233052347e-01,
3.949898609638556879e-01,
8.604755727161012002e-01,
5.094916964572610008e-01,
8.682096624716839628e-01,
4.961975231606911563e-01,
8.297360734468859356e-01,
5.581559355779923681e-01,
7.576486283053772697e-01,
6.526626663345931334e-01,
5.844531860870434414e-01,
8.114274294554651989e-01,
5.341701358781227871e-01,
8.453769963371063900e-01,
4.788884531151286761e-01,
8.778757597023619796e-01,
3.675594207442487993e-01,
9.300000388291133069e-01,
2.812717249809927322e-01,
9.596281658674973292e-01,
1.930058508138126905e-01,
9.811976057612636914e-01,
1.879655332891982666e-01,
9.821756249751402157e-01,
2.076417220977653244e-01,
9.782049454200660854e-01,
3.551650460694840694e-01,
9.348036104179643369e-01,
4.542860898167875860e-01,
8.908558517509853614e-01,
4.118482539067636061e-01,
9.112524434831161813e-01,
3.771814563815598098e-01,
9.261393787988314585e-01,
3.246289642723079738e-01,
9.458414431370031350e-01,
2.162517203554773504e-01,
9.763376431559405155e-01,
1.281271119199755837e-01,
9.917577542883373454e-01,
6.382444112527226390e-03,
9.999796319961473667e-01,
-1.970751059297180252e-01,
9.803883937617735578e-01,
-4.427559870305848300e-01,
8.966421448652593940e-01,
-5.188835121022373764e-01,
8.548449572106320282e-01,
-6.633868127387525515e-01,
7.482766444867293698e-01,
-7.930955619730710726e-01,
6.090972250623201134e-01,
-9.184140955211101964e-01,
3.956204609826710628e-01,
-9.996650183129519585e-01,
2.588148298234596231e-02,
-9.160891752325567294e-01,
-4.009745914914485954e-01,
-8.596004515781076050e-01,
-5.109667930959050919e-01,
-8.528159610000196622e-01,
-5.222115822763920834e-01,
-8.451929311300766523e-01,
-5.344613261665897008e-01,
-8.366403864792463230e-01,
-5.477525570107888431e-01,
-8.999840977091893013e-01,
-4.359227269489127643e-01,
-9.557152661134671323e-01,
-2.942929324969680294e-01,
-9.832132022118200698e-01,
-1.824604039137766864e-01,
-9.993173099844691043e-01,
-3.694474205356458596e-02,
-9.999814266203506108e-01,
-6.094785831209171938e-03,
-9.999864316608946258e-01,
5.209270017102586060e-03,
-9.999968578977989075e-01,
2.506829577266536137e-03,
-9.999941788440815937e-01,
3.412078245124490396e-03,
-9.999940995101918029e-01,
-3.435250325742024869e-03,
-9.998672823969023682e-01,
1.629164179059625420e-02,
-9.987094859362225518e-01,
5.078742660350168969e-02,
-9.982151680936085514e-01,
5.971999822378608325e-02,
-9.992033944505072096e-01,
3.990709859892160871e-02,
-9.994938682966643118e-01,
3.181206119336326549e-02,
-9.972615718257709094e-01,
7.395510367508546790e-02,
-9.947654686026078386e-01,
1.021844532002496309e-01,
-9.976071161449420188e-01,
6.913784648781161335e-02,
-9.996346045461188545e-01,
2.703067505491943759e-02,
-9.998941010765971527e-01,
1.455289085452202841e-02,
-9.997407308730497100e-01,
-2.276995901226845295e-02,
-9.838206557191121471e-01,
-1.791561257127877727e-01,
-8.779584358140424261e-01,
-4.787368640317558599e-01,
-6.741958587997408658e-01,
-7.385526006841217628e-01,
-4.979901001336876076e-01,
-8.671827144084687244e-01,
-3.680252555641578271e-01,
-9.298157942662279574e-01,
-3.984960081101089624e-02,
-9.992056891927723061e-01,
2.016045027083147312e-01,
-9.794670104131802946e-01,
2.562231767823417994e-01,
-9.666176512352570027e-01,
2.916825120838448249e-01,
-9.565151918001394415e-01,
3.154366349711713036e-01,
-9.489466419762832006e-01,
1.104665998543896549e-01,
-9.938798369604899818e-01,
6.132461706315777555e-02,
-9.981178744727783325e-01,
