-1.497567113619338031e-01,
2.884082919958464775e+00,
-3.499211933454633439e-01,
2.885069013738261301e+00,
-5.497427754672359335e-01,
2.896823236452906958e+00,
-7.456699864823983503e-01,
2.937803173968773773e+00,
-9.437264882316789283e-01,
2.966793270035204433e+00,
-1.143877563101949324e+00,
2.969311965288027988e+00,
-1.342060976109102022e+00,
2.941202473888984148e+00,
-1.532928174663654497e+00,
2.880898765427294617e+00,
-1.706214768864324549e+00,
2.780706031233506348e+00,
-1.864665556283058079e+00,
2.658394238333629200e+00,
-2.012735767791546948e+00,
2.523701883357468478e+00,
-2.141603598669246100e+00,
2.370535601795896508e+00,
-2.243523619685229509e+00,
2.198259312139286603e+00,
-2.327033829080492389e+00,
2.016344847824167008e+00,
-2.399286327235752747e+00,
1.829672954275362695e+00,
-2.443469782985585148e+00,
1.634443218001410347e+00,
-2.458605251490440402e+00,
1.434849274959777876e+00,
-2.459470642770739346e+00,
1.234684144138120221e+00,
-2.444276983422312810e+00,
1.035094615949801788e+00,
-2.421329079429956010e+00,
8.362473848600386894e-01,
-2.394848117500128382e+00,
6.378397573624545736e-01,
-2.368581861453709525e+00,
4.394035921042722670e-01,
-2.342299039380882242e+00,
2.409696203437348139e-01,
-2.317825151423951624e+00,
4.230442871708683938e-02,
-2.300815451688877467e+00,
-1.571385411866672577e-01,
-2.283407881824548014e+00,
-3.565471783092131197e-01,
-2.261748791843498196e+00,
-5.555389160898105416e-01,
-2.238018737133921299e+00,
-7.542943276203710745e-01,
-2.206130124490735867e+00,
-9.519049158758980944e-01,
-2.166937511189499954e+00,
-1.148197468627526696e+00,
-2.118036956877318744e+00,
-1.342299413127594931e+00,
-2.055145846183250136e+00,
-1.532329768336061271e+00,
-1.963391580555636340e+00,
-1.710228487648791429e+00,
-1.860527952649497330e+00,
-1.881943083015053197e+00,
-1.753971906790269486e+00,
-2.051391128389578711e+00,
-1.634980621200198492e+00,
-2.212350346564528891e+00,
-1.486411846092230427e+00,
-2.346492606993104246e+00,
-1.318696818338184862e+00,
-2.455756036899544803e+00,
-1.147090838495927301e+00,
-2.558800748850893925e+00,
-9.658718152703631432e-01,
-2.643809454625758004e+00,
-7.763250567082913278e-01,
-2.708143356336478291e+00,
-5.818833180974345431e-01,
-2.755674758561834636e+00,
-3.850372291456229945e-01,
-2.791985158546745449e+00,
-1.884515507873198992e-01,
-2.829679970108068154e+00,
4.071732002513428483e-03,
-2.884466950695156129e+00,
1.847165653467803814e-01,
-2.970689171304107035e+00,
3.657003318839597839e-01,
-3.056197673948820359e+00,
5.501735480593699101e-01,
-3.133892336209669338e+00,
7.371401509245525396e-01,
-3.205378806200356756e+00,
9.299097766248061170e-01,
-3.259292547681269525e+00,
1.127100849466462495e+00,
-3.293680108720177913e+00,
1.326634226386944615e+00,
-3.309593024473234557e+00,
1.526070688122820318e+00,
-3.292507230188272072e+00,
1.715432908099859599e+00,
-3.227632153627436384e+00,
1.890870927959818371e+00,
-3.131256200068869511e+00,
2.052052969574078123e+00,
-3.012566785819745796e+00,
2.190482945709158802e+00,
-2.867984737863954248e+00,
2.288539854100396287e+00,
-2.693480669182032550e+00,
2.342682998963415475e+00,
-2.500775340341800490e+00,
2.321642336137643259e+00,
-2.301717318827199321e+00,
2.228266599993237396e+00,
-2.124664237677423628e+00,
2.124243651488705087e+00,
-1.953649532279443157e+00,
2.017941577876948944e+00,
-1.784042164056613089e+00,
1.910895342602383362e+00,
-1.614903372551613536e+00,
1.810880771110362719e+00,
-1.441513916704410203e+00,
1.738188213901031620e+00,
-1.255012986219157689e+00,
1.690471603845059345e+00,
-1.060616635944855002e+00,
1.670112930748465008e+00,
-8.614876966382953860e-01,
1.664983055580598670e+00,
-6.613864419148884899e-01,
1.665763870908120392e+00,
-4.612209648305873877e-01,
1.666058946680787134e+00,
-2.610541852873509150e-01,
1.666719752776932406e+00,
-6.088827698657173215e-02,
1.666435132863235413e+00,
1.392784775257518426e-01,
1.667241573343649197e+00,
3.394438529575700692e-01,
1.674222061374362358e+00,
5.394890993809595692e-01,
1.685749760797663921e+00,
7.393238487324098607e-01,
1.696247231894772778e+00,
9.392153967501184475e-01,
1.702589129534322954e+00,
1.139281832830759900e+00,
1.712337136023652118e+00,
1.339211330082625384e+00,
1.730989806782494700e+00,
1.538507355521052222e+00,
1.749161297082260536e+00,
1.737847829679262102e+00,
1.758201850465811678e+00,
1.937810566760684861e+00,
1.761823654907315184e+00,
2.137944797428892318e+00,
1.764126983248032854e+00,
2.338098541431735899e+00,
1.743427303573283016e+00,
2.537192293286585798e+00,
1.679642289174374969e+00,
2.726924434532949970e+00,
1.556159554232178888e+00,
2.884464370185158000e+00,
1.392049522798358918e+00,
2.999071199031971613e+00,
1.214088947158058485e+00,
3.090705586778072611e+00,
1.018177478618372600e+00,
3.131760619914434773e+00,
8.192884120276056059e-01,
3.109178184099882447e+00,
6.250275875573354512e-01,
3.060912671436844423e+00,
4.322802845588986642e-01,
3.006919061044616814e+00,
2.438535686218505916e-01,
2.939374981232991235e+00,
4.773269404016700079e-02,
2.899332538588804464e+00,
4.773269404016700079e-02,
2.899332538588804464e+00,
