4.858761728554661374e-01,
4.900103027071853745e-01,
4.882350804189879989e-01,
4.831076991815860810e-01,
4.791757957170328930e-01,
4.779519722455326525e-01,
4.756283038611516245e-01,
4.699522731069099013e-01,
4.621882992560167325e-01,
4.503989457949605923e-01,
4.344637052703805291e-01,
4.178286271792415185e-01,
4.010639117331432635e-01,
3.832238721802910808e-01,
3.640614096014508361e-01,
3.450141788799313547e-01,
3.292766014413129327e-01,
3.161984161952139938e-01,
3.056984042634398047e-01,
2.961354253196705200e-01,
2.857632899551583172e-01,
2.753694832266402326e-01,
2.671375431616488938e-01,
2.626313389653455177e-01,
2.599123217978550615e-01,
2.560907973189337494e-01,
2.501539604434446229e-01,
2.418924741625043118e-01,
2.317030016326502018e-01,
2.188161726820133102e-01,
2.039217073961930027e-01,
1.905458118039427273e-01,
1.814299048641170586e-01,
1.762205722651175310e-01,
1.748749336616355621e-01,
1.745717594337481415e-01,
1.792615510607052098e-01,
1.886120311874757705e-01,
2.020744609541464953e-01,
2.204501185326708801e-01,
2.433282845553447205e-01,
2.749246465183889931e-01,
3.127982758994020118e-01,
3.591786532353616335e-01,
4.134721667967272141e-01,
4.817764867305881493e-01,
5.573915229639530011e-01,
6.320063041968989603e-01,
6.955560468526743589e-01,
7.429137970460190088e-01,
7.661516402647758905e-01,
7.658272763157375485e-01,
7.499151644076922363e-01,
7.221630812744757044e-01,
6.832121294265517397e-01,
6.345232895707928478e-01,
5.793369096940385043e-01,
5.286909245030099180e-01,
4.753916933555525359e-01,
4.311112445305838592e-01,
3.810436480519535651e-01,
3.178372367780510355e-01,
2.467470013644470217e-01,
1.812016934639127941e-01,
1.271383265651775119e-01,
8.340326013630762481e-02,
4.494162883365580147e-02,
1.597902033456709975e-02,
-3.338914628866944748e-03,
-1.010166076847887444e-02,
-3.287793406987429660e-03,
1.100906506711593971e-02,
3.071173201615048573e-02,
5.479291838596500597e-02,
8.334429732380126132e-02,
1.159514154812415765e-01,
1.516692181301996234e-01,
1.890470119523596226e-01,
2.305086105061170398e-01,
2.762354675076577615e-01,
3.240271445550918505e-01,
3.677998630041823258e-01,
4.061294349437699069e-01,
4.370900865050412754e-01,
4.607147098821615105e-01,
4.804089976811439233e-01,
5.024580415396214805e-01,
5.268680823815481418e-01,
5.520503838896287929e-01,
5.733629596674549855e-01,
5.872454544053656855e-01,
5.817921531984073802e-01,
5.605990335151149750e-01,
5.273647135912020723e-01,
4.858085441158082052e-01,
4.719183661489489423e-01,
