2.975207000028320170e+00,
2.975207000028320170e+00,
2.996651327476099524e+00,
3.035930088797789583e+00,
3.051998235117750813e+00,
3.064494318603076639e+00,
3.068415217127506089e+00,
3.075901417392179482e+00,
3.094420860295784781e+00,
3.120303107001441312e+00,
3.160876838880288364e+00,
3.218322088965015926e+00,
3.281762599796486324e+00,
3.349650259157792576e+00,
3.426730732161867188e+00,
3.503359798074654030e+00,
3.585871957963839396e+00,
3.665343918423319192e+00,
3.738890575340552580e+00,
3.808210495854331246e+00,
3.875992501096073184e+00,
3.944122089584302771e+00,
4.009911853991496855e+00,
4.066561033456859597e+00,
4.112021016063491352e+00,
4.153264519567905211e+00,
4.191884144093362075e+00,
4.241334892527355294e+00,
4.303006276497957749e+00,
4.378119339065020377e+00,
4.464486987301801157e+00,
4.553358366289046444e+00,
4.641331315460270446e+00,
4.603700755634869246e+00,
4.503274034928454128e+00,
4.389870363836284817e+00,
4.273481524642574136e+00,
4.149503622634411748e+00,
4.004887147705847639e+00,
3.847505388595131581e+00,
3.680098916746905591e+00,
3.497800266958832172e+00,
3.306366517327579135e+00,
3.118233373350357773e+00,
2.940800442816308369e+00,
2.801741497847056728e+00,
2.668366942677682818e+00,
2.543549486946694582e+00,
2.461144114325584109e+00,
2.423532728632837863e+00,
2.423532728632837863e+00,
2.423532728632837863e+00,
2.424045914471283591e+00,
2.449628290479185289e+00,
2.496253091026160220e+00,
2.566424383760751660e+00,
2.653438457351418478e+00,
2.731972027937330516e+00,
2.796703376486554316e+00,
2.853143773239021019e+00,
3.007503255437376843e+00,
3.239869705036609204e+00,
3.480044189510225650e+00,
3.717913169449785116e+00,
3.923293371094157767e+00,
4.092474677346921830e+00,
4.247885012423078699e+00,
4.405720416544600226e+00,
4.578487746018025106e+00,
4.759381862854045409e+00,
4.938923656620443303e+00,
5.028497001879475015e+00,
4.849561507975540309e+00,
4.666845467712287920e+00,
4.487258906352936449e+00,
4.309899518167066290e+00,
4.129486890078550410e+00,
3.947692988387674351e+00,
3.772246711613556958e+00,
3.610835389602905288e+00,
3.460154957623030825e+00,
3.328695155330801736e+00,
3.208638414278764284e+00,
3.125289245468192423e+00,
3.030547945588683678e+00,
2.949355388366382780e+00,
2.893966984793415076e+00,
2.855070910593797251e+00,
2.801505251452944822e+00,
2.768193375379500498e+00,
2.768193375379500498e+00,
2.768193375379500498e+00,
2.781136642780897894e+00,
2.833218606154429775e+00,
2.925766028664554153e+00,
2.939059310995160157e+00,
