-3.115568375648423705e-01,
-1.216561174261446970e-01,
-2.838678446915011283e-02,
1.060644522108644683e-01,
4.137608493528558418e-01,
6.003788357796784325e-01,
5.391676398633521439e-01,
6.118341699116608412e-01,
5.606147965859878957e-01,
4.210843927935659092e-01,
4.029181263220527609e-01,
3.089219032006866872e-01,
3.008938010131751439e-01,
1.997901188751566581e-01,
1.984922653285917937e-01,
1.830014041140488046e-01,
5.740642389039678217e-02,
8.293896312280915617e-02,
1.789093849062183689e-02,
6.022744733751921216e-03,
-8.724128685461350619e-02,
-8.040446193543748787e-02,
-8.221450936274682375e-02,
-3.780654685709190083e-02,
-1.287929635819627487e-02,
3.203438969949347348e-02,
7.034732028400197956e-02,
2.635811515913197289e-01,
3.079568841504864429e-01,
2.844972146121110268e-01,
3.259438494287454913e-01,
3.133695394840700921e-01,
2.547063674144961487e-01,
2.498574453074044743e-01,
3.511837052940736115e-01,
3.533943871029421313e-01,
2.860667225906652900e-01,
2.983725319190116410e-01,
1.750054876228896716e-01,
1.039158770349779826e-01,
-1.759190899308890610e-01,
-1.736330750966195713e-01,
-9.813390360720625205e-02,
7.571235668290750807e-03,
1.017167821742379213e-01,
1.657190981713370370e-01,
4.967852631902158755e-01,
4.909349639856596115e-01,
7.510970845687595654e-01,
6.808518962403210528e-01,
5.693455665281038636e-01,
5.748167052135689792e-01,
6.366448050345124843e-01,
5.904710979522235226e-01,
7.560976774908355624e-01,
1.057295651127725833e+00,
1.143276750481168058e+00,
1.304491289834608825e+00,
1.571118818958335384e+00,
1.361688362425380605e+00,
6.321450532347131501e-01,
-1.497955734343468515e-01,
-1.784108653014747914e-01,
-2.614899034983005910e-01,
-2.918716760835001756e-01,
-3.134206413559731952e-01,
-2.681580381241563948e-01,
-6.287516417646436817e-02,
-2.380125947686417831e-02,
-8.990255797892914014e-02,
1.540086443325115219e-02,
7.406376832400901611e-02,
-1.317413170028959232e-02,
3.033498521639073006e-02,
4.096909821557659925e-01,
2.662041445988521660e-01,
-1.959956597297965453e-02,
-6.621354275215682317e-02,
1.530136958319268208e-02,
2.877203303260363054e-02,
6.733879361446395984e-02,
1.435167375953927682e-01,
2.590092098359620953e-01,
9.757263454555544779e-01,
5.887498114059620535e-01,
8.266467874871220589e-01,
7.457839346086397869e-01,
1.138288120966810757e+00,
7.002566321296026519e-01,
7.207920313792083311e-01,
8.119522530609379896e-01,
7.089954368527465189e-02,
8.371963543698830723e-02,
-3.190434320929411149e-01,
-2.848966386334447209e-01,
-2.291194382257516482e-01,
