1.007667632105871819e-01,
-5.407326247018057891e-02,
-2.466544095715708651e-01,
-3.889933627818781825e-01,
-3.954310696440631046e-01,
-3.603121822543241537e-01,
-3.035389075688889604e-01,
-2.074335960231372955e-01,
-1.223797989977742917e-01,
-1.011583577119128247e-01,
-7.599785297796825267e-02,
-5.427406916537445836e-03,
5.352544017392351500e-02,
6.348060174421181479e-02,
9.691831766170246054e-02,
1.754384752822960025e-01,
2.186941197615233368e-01,
2.294029233717156113e-01,
2.252638712192321924e-01,
1.918274690940315053e-01,
1.408499519129193245e-01,
8.375367118092369445e-02,
2.531549785563640825e-02,
-5.066271924413170286e-02,
-1.206462583910646036e-01,
-1.609511211516891638e-01,
-1.969009852862262100e-01,
-2.216168023652405894e-01,
-2.310411515167895558e-01,
-2.333558172526867536e-01,
-2.136565614664542312e-01,
-1.369404475058767501e-01,
-6.242477810188415410e-02,
-5.348236424411261652e-02,
-3.744612593732322275e-02,
6.825857682018311723e-02,
2.139569711025257892e-01,
2.761256940340434118e-01,
3.059719961039400471e-01,
3.674891382586967237e-01,
4.154251482765760617e-01,
4.296503528406398487e-01,
3.922659081205344123e-01,
2.815232789218539144e-01,
8.343648663341708682e-02,
-8.165063943502423593e-02,
-1.595927462813256925e-01,
-2.517368713988745732e-01,
-3.392711614185986435e-01,
-4.085965921905842513e-01,
-4.874746783004458850e-01,
-5.265713684108104253e-01,
-4.770242111951423225e-01,
-4.086159903234066748e-01,
-3.755285535919621887e-01,
-3.231135209064340263e-01,
-1.934104216789090946e-01,
-6.442908382094915398e-03,
2.594228838977740148e-01,
5.742505029381085313e-01,
7.271119883955106111e-01,
6.911480374247371827e-01,
6.300246654669602320e-01,
5.623873895048167038e-01,
4.339212897561990356e-01,
2.735266544073028383e-01,
1.282856521844474851e-01,
1.588718546382411265e-02,
-3.794651093570255290e-02,
-5.018638851398084244e-02,
-4.857089162288028700e-02,
-4.789565692395338775e-02,
-5.234825244192042176e-02,
-7.883806056548960106e-02,
-1.192559935720791525e-01,
-1.480155930184541835e-01,
-1.620486198038916803e-01,
-1.946077160911205972e-01,
-2.684443326371526162e-01,
-3.422816922415079510e-01,
-3.818681247850063132e-01,
-4.210039041235058010e-01,
-4.877532171878004030e-01,
-5.096154526741095703e-01,
-4.156909165744647194e-01,
-1.971206211781113826e-01,
6.204296826101995260e-02,
2.183206635660574491e-01,
3.505590538110357479e-01,
5.487449409300263481e-01,
6.620601283809499638e-01,
6.144467685917652799e-01,
5.338767728595219531e-01,
3.802792590850561649e-01,
2.451485343752888846e-01,
1.922403941499326585e-01,
