1.319379266657265959e-01,
-0.000000000000000000e+00,
-0.000000000000000000e+00,
-0.000000000000000000e+00,
7.064669332256064523e-14,
-7.064669332256064523e-14,
-3.702086085042137226e-03,
-2.815089235339778700e-02,
9.715543650830237675e-15,
-9.715543650830237675e-15,
7.078459559148007039e-14,
-6.106905194065013721e-14,
3.976815713161396121e-03,
2.316329262607934661e-02,
-8.186438279795402867e-03,
-9.205501624105905459e-03,
-1.045103352446188037e-02,
-4.082553573495069192e-03,
6.704918758301440553e-03,
6.797921363021123750e-03,
6.799332247308124445e-03,
6.800729322888978724e-03,
6.802112545937448809e-03,
6.803481872716323799e-03,
6.804837259521773207e-03,
6.806178662546945660e-03,
3.805864569943043230e-03,
-6.189115197372056093e-02,
-8.868835642340755498e-02,
-8.858359478747643290e-02,
-8.838012049513056800e-02,
-3.834313301095856885e-01,
-5.207169586030111486e-01,
-2.239934988189614395e-01,
-1.875015067354666998e-01,
-8.247766550783068584e-02,
1.068823177594028506e-01,
-2.801110216732294322e-01,
-5.339599115522669637e-02,
-2.450177345663758985e-02,
-7.455911442782407923e-03,
-1.229202585265093406e-02,
-1.306450533066458031e-01,
-1.510144954091080793e-01,
-1.505263434088668362e-01,
-1.528619574891466604e-01,
-2.602426275010845669e-01,
-3.115783430642795060e-01,
-2.473051705481767726e-01,
-1.033249200521697969e-01,
-7.653606981122562658e-02,
1.514518246792153147e-02,
2.586838033753252955e-02,
9.030472942641772083e-02,
1.561329937470100626e-01,
1.919778317609677765e-01,
3.800682224036134871e-01,
4.023827402075613180e-01,
2.702898719824274321e-01,
1.644415409715479226e-01,
2.889178594961362978e-01,
5.915817616346991104e-01,
5.845927117562297326e-01,
4.351731581727019682e-01,
3.564559018652362909e-01,
4.104763057250249703e-01,
5.970378277573326065e-01,
5.864861423650963301e-01,
3.801733518285586033e-01,
2.943042987017546186e-01,
2.931424155705339429e-01,
3.245813495105763780e-01,
3.365682184237434038e-01,
3.332048270358305420e-01,
3.247170664465640622e-01,
3.486843889085762815e-01,
6.278016850347790667e-01,
6.734677532966075741e-01,
4.678424044645163038e-01,
6.471765158004665064e-02,
4.753897930922148379e-02,
1.042625463499038119e-01,
3.855870901095818648e-01,
4.341184352518116518e-01,
4.358087873234940957e-01,
4.257960382093221585e-01,
4.056836678214856828e-01,
3.783576055607502098e-01,
3.470604142275448556e-01,
3.146237643027243736e-01,
2.990599131358673834e-01,
4.352311609149574489e-01,
4.846648072958170128e-01,
4.852282533698865641e-01,
4.698211463111019448e-01,
4.414216059580700069e-01,
4.047814448643111129e-01,
3.647097563508949203e-01,
3.225061336792460764e-01,
2.693049190565595108e-01,
2.587009167927458164e-01,
2.469783555029929911e-01,
4.138172214159702850e-02,
-4.328105099560664026e-02,
-4.332209555486360442e-02,
-4.335092128298120157e-02,
-3.963525856969642852e-02,
-4.944663705278422652e-03,
3.526286042205839088e-03,
3.526170955084092021e-03,
3.526047457118730924e-03,
3.525915549897047294e-03,
3.525775235044733332e-03,
3.525626514447310293e-03,
3.525469389757381576e-03,
3.525303863112787001e-03,
3.525129936847732747e-03,
3.524947612960615921e-03,
3.524756894126942174e-03,
3.524557782556020195e-03,
3.524350281250116391e-03,
3.524134392454467742e-03,
3.523910119459215846e-03,
3.523677465063612853e-03,
3.523436432275185715e-03,
3.523187024538068732e-03,
9.121170231936318517e-04,
-2.161550908009988309e-03,
-2.165903736220971178e-03,
-2.165264299259324864e-03,
-2.164623083682975114e-03,
-2.163980092599154716e-03,
-2.163335328903235547e-03,
-2.162688795582754040e-03,
-2.162040495640272803e-03,
-2.161390432137395758e-03,
-2.160738608106477221e-03,
-2.160085026421219769e-03,
-2.159429690305953060e-03,
-2.158772602680548471e-03,
-2.158113766585747269e-03,
-1.344903949927279962e-02,
-9.040897227781885537e-02,
-1.049062326083506358e-01,
-1.047610941649451261e-01,
-1.044496318279042324e-01,
-2.235731680786752773e-01,
-5.408027378930513329e-01,
-3.019878520724433302e-01,
-6.271150266177044630e-02,
-6.733697443482772327e-02,
-1.009340869474507213e-01,
-1.331100232549421725e-01,
-1.644730175676904771e-01,
-1.807212257656471421e-01,
-1.673364245275312523e-01,
-1.259851001775661727e-01,
-7.559587961943337042e-02,
-3.368513677591052774e-02,
3.920145485599563218e-02,
6.571205623501170066e-03,
-1.241874280688434334e-01,
-2.544432859889645404e-01,
-3.789649169120436478e-01,
-4.178251679407288255e-01,
-1.627403539841164315e-01,
-1.272867405387553552e-01,
-1.269911782362946329e-01,
-1.263971251070846735e-01,
-9.612267501641431899e-02,
-4.320380820960004892e-02,
-4.218165241537986249e-02,
-4.218826925047935994e-02,
-4.218398543759245556e-02,
-4.216880798356604371e-02,
-4.214276169555112445e-02,
-4.210588907854240920e-02,
-4.205825015998816002e-02,
-4.199992224381147998e-02,
-4.193099959384921638e-02,
-4.185159305173731525e-02,
-5.185359313386326413e-02,
-5.110456845234821743e-02,
-3.301619269578672661e-02,
-1.418939568467321270e-02,
5.044476718510120319e-03,
2.434638317733839666e-02,
4.336764560193626106e-02,
6.175157749530544443e-02,
7.913842702932066819e-02,
1.568311310843860107e-01,
3.755120515441870976e-01,
5.285655113185434573e-01,
7.002203063534355731e-01,
9.066053698009809425e-01,
1.089724376172725107e+00,
1.136414115104106504e+00,
1.052007532503663967e+00,
1.222023762367421051e+00,
1.311617218071166713e+00,
1.057157938978807721e+00,
6.998395444865898041e-01,
4.189738092797744007e-01,
2.244786754863893896e-01,
8.402442759003835027e-02,
1.911575060356987630e-03,
3.752450771526746193e-02,
3.843677629671846119e-02,
3.396057029849568892e-02,
2.863862560276280583e-02,
2.255242126352970458e-02,
1.583554000902325301e-02,
8.668394601044748099e-03,
1.266629994770741710e-03,
-6.135601780732333026e-03,
-1.330513485038663582e-02,
-2.002903931513879202e-02,
-2.613069115297775302e-02,
-3.148049780473553133e-02,
-3.600032072461110261e-02,
-3.966190603981623736e-02,
3.333278714818617428e-02,
1.804379928303762870e-01,
1.848848825798126705e-01,
1.846445255149531117e-01,
1.834971652979248691e-01,
1.814780565121431877e-01,
1.786475459553055478e-01,
1.750866514044311928e-01,
1.874065352295599673e-01,
2.626870566949031649e-01,
2.753042515752753827e-01,
2.758406070775575314e-01,
2.733607195235406850e-01,
2.680321276509811668e-01,
2.601988890581621860e-01,
2.503283035696108882e-01,
2.389465734982388068e-01,
2.338923130231469194e-01,
2.877205535481717757e-01,
3.002031091065484047e-01,
2.948748746986504798e-01,
2.852289451509910090e-01,
2.720522094498059595e-01,
2.563165684153148050e-01,
2.390164659729862306e-01,
2.210434173975925343e-01,
1.958085459051319976e-01,
1.489265349196975674e-01,
2.047743546632244671e-01,
2.652574089755901920e-01,
2.926429237538832884e-01,
2.829995863302655068e-01,
2.487579957076506698e-01,
2.189705164827594197e-01,
2.011702795211141592e-01,
1.298599240486551509e-01,
8.743454304863615412e-02,
6.061238350145679854e-02,
3.962704192229844768e-02,
3.085899002823484089e-02,
6.018446545147306675e-02,
4.465969764571121881e-02,
1.245068923099774787e-02,
-2.734039033788958697e-02,
-6.433376507649367360e-02,
-8.919745889234204084e-02,
-8.893543061125883109e-02,
