7.353562912604099111e+00,
7.511543494856880443e+00,
7.672985088025937372e+00,
7.836000442158160162e+00,
7.999508074049485273e+00,
8.000000000000000000e+00,
8.000000000000000000e+00,
8.000000000000000000e+00,
8.000000000000000000e+00,
8.000000000000000000e+00,
8.000000000000000000e+00,
8.000000000000000000e+00,
8.000000000000000000e+00,
8.000000000000000000e+00,
8.000000000000000000e+00,
8.000000000000000000e+00,
8.000000000000000000e+00,
8.000000000000000000e+00,
8.000000000000000000e+00,
8.000000000000000000e+00,
7.984921609964602318e+00,
7.880247789210168996e+00,
7.782681319064488790e+00,
7.693597211256356871e+00,
7.613148062215733702e+00,
7.540111097036536592e+00,
7.480662513411939329e+00,
7.440176097983557391e+00,
7.408675009188342209e+00,
7.374419372921197535e+00,
7.351035350577827643e+00,
7.340535150284324573e+00,
7.340535147885647760e+00,
7.340535147885647760e+00,
7.384067918048381252e+00,
7.442383323912710402e+00,
7.514967203290814801e+00,
7.601070335975710357e+00,
7.700834692013984295e+00,
7.817304189997631880e+00,
7.944130386730306803e+00,
7.879017255033157419e+00,
7.736881964624203967e+00,
7.586500449053577455e+00,
7.432406898647590410e+00,
7.271675584698506611e+00,
7.103416600641297762e+00,
6.932764205776051902e+00,
6.761685447349058187e+00,
6.583655226016918327e+00,
6.392576832674851772e+00,
6.191819992552025198e+00,
5.985531541954657087e+00,
5.776756810681797027e+00,
5.568289282363712900e+00,
5.363034503581846302e+00,
5.163959903182836264e+00,
4.975401826418925033e+00,
4.801730219422378987e+00,
4.638868288792737715e+00,
4.482942181295965334e+00,
4.339937780167992365e+00,
4.220538472735787749e+00,
4.118945538893034275e+00,
4.030549213768656713e+00,
3.952281830081938896e+00,
3.884805311268888062e+00,
3.822804518228642756e+00,
3.768468446489705581e+00,
3.723288474279311089e+00,
3.682225015981495098e+00,
3.646635953420974019e+00,
3.618818454112735949e+00,
3.598014632718806727e+00,
3.584425269618807697e+00,
3.576087724401920909e+00,
3.568686509020691844e+00,
3.563407450124647990e+00,
3.563279633766292864e+00,
3.563279633766292864e+00,
3.563279633766292864e+00,
3.569514628540308099e+00,
3.588657924583277481e+00,
3.620491282324004967e+00,
3.653664094011922714e+00,
3.685529835735954940e+00,
3.722312840958716063e+00,
3.767788225800486668e+00,
3.824721384860632956e+00,
3.897954695476745446e+00,
3.990576856162032282e+00,
4.086326653304319656e+00,
4.188831194099659427e+00,
4.297994434149543075e+00,
4.413830064700910327e+00,
4.538275142499289316e+00,
4.669486677675664055e+00,
4.807070602584939678e+00,
4.951594275455138749e+00,
5.102794485817763182e+00,
5.257728958202918079e+00,
5.414684079743239842e+00,
5.573932154531273220e+00,
5.729394665795399355e+00,
5.876784605466615297e+00,
6.016361265202838204e+00,
6.149752323975505419e+00,
6.281830709271952529e+00,
6.414870257911456264e+00,
6.548914953732971611e+00,
6.687005444073357729e+00,
6.832517477038981824e+00,
6.986760073600160936e+00,
7.149395082600780604e+00,
7.317952227135149812e+00,
7.488902062819285277e+00,
7.659364106591053378e+00,
7.827771571351391344e+00,
7.993174779003201280e+00,
8.000000000000000000e+00,
8.000000000000000000e+00,
8.000000000000000000e+00,
8.000000000000000000e+00,
8.000000000000000000e+00,
8.000000000000000000e+00,
8.000000000000000000e+00,
8.000000000000000000e+00,
8.000000000000000000e+00,
8.000000000000000000e+00,
8.000000000000000000e+00,
8.000000000000000000e+00,
8.000000000000000000e+00,
8.000000000000000000e+00,
8.000000000000000000e+00,
8.000000000000000000e+00,
8.000000000000000000e+00,
7.939750542325672455e+00,
7.807456237124551279e+00,
7.679167128999512926e+00,
7.555306966628945631e+00,
7.438118525953408167e+00,
7.330050860014162950e+00,
7.230125164502736901e+00,
7.138563035623412212e+00,
7.059967734476497725e+00,
6.994676393163911321e+00,
6.943501594490398610e+00,
6.901620281698344073e+00,
6.851537432977430342e+00,
6.790104149644872855e+00,
6.712130416431741686e+00,
6.620512990517135599e+00,
6.523721214100183907e+00,
6.427207816371568683e+00,
6.330018460740276076e+00,
6.234870927452492495e+00,
6.145207593702066262e+00,
6.064828940000847268e+00,
6.001161614046170101e+00,
5.955471135697448126e+00,
5.955471135697448126e+00,
5.955471135697448126e+00,
5.959478915218642925e+00,
5.986646421853785149e+00,
6.013017800443789085e+00,
6.041825243638230702e+00,
6.083173724149304462e+00,
6.131468792428478309e+00,
6.191735162265153747e+00,
6.265806739379660151e+00,
6.356191503819051292e+00,
6.462317175025560800e+00,
6.582921693175229017e+00,
6.715700022291420268e+00,
6.705544870061975971e+00,
6.553554558453515533e+00,
6.381945151057085042e+00,
6.194492532019417297e+00,
5.993280079937595595e+00,
5.779712054476606298e+00,
5.555180500092847140e+00,
5.321354929069952000e+00,
5.080672543347792391e+00,
4.835475966784742674e+00,
4.588177778767140502e+00,
4.344571340043756003e+00,
4.111441722337754179e+00,
3.892022600334626770e+00,
3.683950610705932327e+00,
3.498673732773855072e+00,
3.333056022340992630e+00,
3.217372356809102385e+00,
3.146455006694145240e+00,
3.113683566837306849e+00,
3.106602668035165937e+00,
3.106602668035165937e+00,
3.106602668035165937e+00,
3.110545367699216524e+00,
3.115652396345428787e+00,
3.124489474395321764e+00,
3.126384320056249333e+00,
3.132175240039426711e+00,
3.158725793517719982e+00,
3.228595776890359481e+00,
3.345980504538470957e+00,
3.516118579080165674e+00,
3.700303408574959985e+00,
3.906909943318167322e+00,
4.129519183507035507e+00,
4.360396079190985041e+00,
4.596202471044231075e+00,
4.831489976758257754e+00,
5.061662087589612113e+00,
5.283716662352406779e+00,
5.495364839026537496e+00,
5.695095300360248913e+00,
5.882560394744847265e+00,
6.058723868138550017e+00,
6.224949118142962590e+00,
6.382086662418188894e+00,
6.530832228680369944e+00,
6.672616911682625940e+00,
6.762210727723503290e+00,
6.625457875980242051e+00,
6.482723463493954341e+00,
6.336990796896984079e+00,
6.189141552702887239e+00,
6.039075865522728570e+00,
5.887248851060296495e+00,
5.734570860320746810e+00,
5.582254857782356972e+00,
5.434372915095726952e+00,
5.294228856711145070e+00,
5.162083027164585225e+00,
5.038929958369495310e+00,
4.926810666534286121e+00,
4.828156077922838740e+00,
4.738387837050721529e+00,
4.662789227115400337e+00,
4.611417637616262333e+00,
4.593981608762295998e+00,
4.593981603742241404e+00,
4.593981603742241404e+00,
4.622527616101642423e+00,
4.704023566986823113e+00,
4.794926812656023607e+00,
4.904131336522405071e+00,
5.026628818052804704e+00,
5.156593160118330132e+00,
5.287321527736469129e+00,
5.414984800732586478e+00,
5.541222620451888403e+00,
5.666588793271855273e+00,
5.789844626935625627e+00,
5.907568755280158790e+00,
6.016587243566253740e+00,
6.115144246164347486e+00,
6.203212126589240150e+00,
6.285560350310238853e+00,
6.368709319933815394e+00,
6.456840302657159469e+00,
6.551856338266070168e+00,
6.653326830879114695e+00,
6.762358394261245742e+00,
6.879620239031514650e+00,
7.004186195118498937e+00,
7.135659899709683174e+00,
7.274888754412907943e+00,
