-4.956633188325073464e-02,
-5.023848762691256881e-02,
-5.938938483827540388e-02,
-6.606689126583438487e-02,
-7.039549350133871009e-02,
-7.218109766943305028e-02,
-7.185146784372171969e-02,
-7.231664071242285829e-02,
-7.030611014463870878e-02,
-6.365580725167235832e-02,
-5.616663753124345043e-02,
-4.835837067637603626e-02,
-4.009919042781012050e-02,
-2.920296567049291553e-02,
-1.922925916536824889e-02,
-1.228122977757540972e-02,
-4.926796736339084104e-03,
4.043606316467042612e-03,
1.633488238515076046e-02,
3.144120222917671376e-02,
4.814693016965907596e-02,
6.621981013458307086e-02,
8.554683245315142237e-02,
1.061124078217622752e-01,
1.277853852198370110e-01,
1.505906167319130962e-01,
1.742391034349276557e-01,
1.910986325095272165e-01,
1.981512192890984292e-01,
2.025619887787042661e-01,
2.066880362098158785e-01,
1.775639036615634658e-01,
1.006989443711832077e-01,
4.074507638393289749e-02,
1.715114049253405742e-02,
9.492515822312939944e-03,
3.305983084473657074e-02,
3.365779580574765339e-02,
1.473522829025157750e-02,
2.168567968147704084e-02,
3.212001205886341748e-02,
4.186482569902651857e-02,
3.607154949581847792e-02,
1.331951236548649560e-02,
-1.313274215419428168e-02,
-4.166642620417529419e-02,
-8.437113832043685591e-02,
-1.466668383346045046e-01,
-2.099648964427151265e-01,
-2.530619314081549720e-01,
-2.804400156096573116e-01,
-2.981904717387116044e-01,
-3.083570901577958878e-01,
-3.141322714998621701e-01,
-3.095889921947685419e-01,
-2.977664069522203971e-01,
-2.649506035702418050e-01,
-2.130329206731175762e-01,
-1.778243593676423484e-01,
-1.736560352497590332e-01,
-1.709800658314540589e-01,
-1.242858434207656237e-01,
-4.818564770983369688e-02,
7.134302556439386239e-03,
3.232329403134637236e-02,
5.110804699180145766e-02,
9.370470144179984806e-02,
1.520937117073428990e-01,
1.823456716706301217e-01,
1.747402775486588955e-01,
1.524138808427174807e-01,
1.303214610824412201e-01,
1.107597844966172057e-01,
9.020616460869508579e-02,
6.675661610589682382e-02,
4.478964014025858115e-02,
5.596493048540689130e-02,
1.017868518561368812e-01,
1.284527901854954912e-01,
8.628725476268092609e-02,
-3.834624306515376033e-03,
-8.905389482625881981e-02,
-1.345307304713049545e-01,
-1.407403342651642186e-01,
-1.380364711028736480e-01,
-1.333370149930868664e-01,
-1.291232696199205721e-01,
-1.272264048874597597e-01,
-1.286799802218593081e-01,
-1.336090565195252600e-01,
-1.388508549861398045e-01,
-1.252082872481381226e-01,
-8.542517610313875298e-02,
-3.443042222431835775e-02,
1.936795176522917647e-02,
7.180955939635559615e-02,
1.197927948782396973e-01,
1.614896782994801050e-01,
1.961067383601577119e-01,
2.223216254324898444e-01,
2.435057415098197120e-01,
2.639174954982794197e-01,
2.622978065905168243e-01,
2.303114182615386696e-01,
1.902837634840244818e-01,
1.515167258345135604e-01,
1.143138923944961305e-01,
8.261996208223802707e-02,
5.718576876096782141e-02,
3.421504380320027072e-02,
1.295553461292436696e-02,
-6.098489699965589303e-03,
-2.241524569645280199e-02,
-3.555896265881752782e-02,
-4.531236891075060558e-02,
-5.186906734248275530e-02,
-5.577373730185880563e-02,
-5.757764821786421489e-02,
-5.757653625653774004e-02,
-5.606306298333259275e-02,
-5.358313800053279147e-02,
-5.066609410341344627e-02,
-4.762966982903005936e-02,
-4.464605007674032205e-02,
-4.173620845625996417e-02,
-3.875553708007556386e-02,
-3.565118869187412082e-02,
-3.233682040412460407e-02,
-2.830529145369192756e-02,
-2.319987119364447237e-02,
-1.704484026788022008e-02,
-9.946539047989363252e-03,
-2.051396917572660683e-03,
6.594223778203615015e-03,
1.602022389466606703e-02,
2.631887193703594599e-02,
3.772564532565218787e-02,
5.048186335298068123e-02,
6.466313145130014872e-02,
8.037843930580282348e-02,
9.781861393722558751e-02,
1.156979931564450503e-01,
1.253994700983376842e-01,
1.265270134950328973e-01,
1.274141015081900474e-01,
1.293365498970193428e-01,
1.183467532256657767e-01,
5.947184888656694562e-02,
-8.126439989032285816e-03,
-2.348902223369379524e-02,
-1.273484120875149027e-02,
-5.913507881011009076e-03,
-5.925941396221877898e-03,
-1.219211247846849894e-02,
-2.269335720602827858e-02,
-3.219804383448833518e-02,
-3.403552874502144276e-02,
-2.384520726754217265e-02,
-1.465149119440731836e-03,
3.515381645297539770e-02,
7.697432237902944452e-02,
1.006242413638112204e-01,
9.444903421289822798e-02,
5.892729548965405795e-02,
5.010813488600496246e-03,
-2.534609632482860697e-02,
-2.384104322960343275e-02,
-1.854423768535573211e-02,
-1.400463202754603960e-02,
-7.197170679173798061e-03,
7.181640216230759412e-03,
2.548616526592583850e-02,
4.149268491579975043e-02,
5.472594964690125074e-02,
6.508277543344791194e-02,
7.265086258034654521e-02,
7.755250091202042784e-02,
7.975387468273341385e-02,
7.897672529505339600e-02,
7.473163703274635083e-02,
6.636414881235996877e-02,
5.205038478651700246e-02,
3.100424225887506158e-02,
4.938556110411741577e-03,
-2.629279455637607149e-02,
-6.466348499698564012e-02,
-1.116526906783353174e-01,
-1.684639079076515333e-01,
-2.360116483127553122e-01,
-3.154030216919548879e-01,
-4.005877056868751285e-01,
-4.670358090367838222e-01,
-5.013090575375479530e-01,
-4.989872256137196094e-01,
-4.445709465280942574e-01,
-3.323375931616194823e-01,
-1.811223784743827003e-01,
-2.300409278558690832e-02,
1.478996936892712777e-01,
3.387546677829327280e-01,
4.953403239207799791e-01,
5.673146572054488246e-01,
5.559216953419013896e-01,
4.908001526387694158e-01,
3.996876594663448801e-01,
3.002619540926477204e-01,
2.122878848386360595e-01,
1.433248107868994314e-01,
8.734568512838693233e-02,
4.281451211538039175e-02,
7.942314021007548797e-03,
-1.995500737972107086e-02,
-4.367029793425961787e-02,
-6.541333863673945426e-02,
-8.697525384765075751e-02,
-1.096436072986863297e-01,
-1.340653353359334277e-01,
-1.602968772189802549e-01,
-1.880864388212603600e-01,
-2.171786045853010827e-01,
-2.474171682340729206e-01,
-2.701927622495788883e-01,
-2.687734325911569355e-01,
-2.507750666674581352e-01,
-2.325305589696850250e-01,
-2.149338807190487866e-01,
-1.983938855028173076e-01,
-1.832725671364009434e-01,
-1.699967457570811524e-01,
-1.570423190677383840e-01,
-1.360457552520173141e-01,
-1.074380592810268154e-01,
-7.983174563257715295e-02,
-5.535428771032523815e-02,
-3.491817757142937073e-02,
-1.929743633543021253e-02,
-8.994896252865987318e-03,
-4.160283025338577453e-03,
-3.578960127587265359e-03,
4.733647033814085002e-04,
1.055113410509939814e-02,
2.087322399580519502e-02,
2.951330218163042418e-02,
3.659320770388852645e-02,
4.246541678551599835e-02,
4.737928904601063779e-02,
5.146912515285739093e-02,
5.386521878272183816e-02,
5.136418473330026796e-02,
5.250376315119770904e-02,
6.869700246453551429e-02,
9.663259270858164107e-02,
1.281466689542526682e-01,
1.558344510586132381e-01,
1.767859361344139013e-01,
1.922787588929478764e-01,
1.976087343483518277e-01,
1.901251267536969158e-01,
1.750799065038401159e-01,
1.554253029741624326e-01,
1.336137511056228189e-01,
1.154585194339270010e-01,
1.003409636373926994e-01,
8.163465374527147100e-02,
5.694600819169706035e-02,
2.588317509151591075e-02,
-9.928894449959268370e-03,
-3.883391935469103495e-02,
