5.961690766328522212e-02,
4.743276755053692922e-02,
3.543727569359288176e-02,
2.515360504319611237e-02,
1.411044195947562876e-02,
2.083490108244518291e-03,
-8.767420698997557479e-03,
-1.878690169797578302e-02,
-2.753588760398913149e-02,
-3.279375116534535839e-02,
-3.516792971455691419e-02,
-3.572215949775781746e-02,
-3.534210189058257373e-02,
-3.655051526526328920e-02,
-3.912207189645232341e-02,
-4.141197030374597909e-02,
-4.505231807246352221e-02,
-5.100235891846916642e-02,
-5.810116976389695376e-02,
-6.570888513208553161e-02,
-7.248852466256254512e-02,
-7.798665946789308523e-02,
-8.364641920587966017e-02,
-8.888713524809059574e-02,
-9.321949662866449438e-02,
-9.851799637491702455e-02,
-1.034789655788935642e-01,
-1.056724977301802676e-01,
-1.072874022301575081e-01,
-1.092956705262482231e-01,
-1.102358889258584773e-01,
-1.110335507040955960e-01,
-1.113514317148535243e-01,
-1.095489817258464005e-01,
-1.057030981217141757e-01,
-1.015353298989702252e-01,
-9.595641455829387323e-02,
-8.733587936541496732e-02,
-7.764876078715171603e-02,
-6.849265299617726677e-02,
-5.947944586827443036e-02,
-5.055532495149600569e-02,
-4.217821993024282318e-02,
-3.588387791868628135e-02,
-2.883510311736894871e-02,
-1.825384380818804303e-02,
-8.339272763490607546e-03,
2.907276354876590224e-03,
1.477558514678234923e-02,
2.735236884522819489e-02,
4.088403394406039948e-02,
5.574904825901186300e-02,
7.182229952151469865e-02,
8.909805696151310017e-02,
1.080564397401771182e-01,
1.283628697538081176e-01,
1.495686367852897269e-01,
1.729974814607202482e-01,
1.990173777339079852e-01,
2.257138200933034300e-01,
2.525752692126268517e-01,
2.790724574399545688e-01,
3.054220918187752765e-01,
3.294795329574396470e-01,
3.513296551074036045e-01,
3.693369799863318037e-01,
3.841098452286300091e-01,
3.975692007745552647e-01,
4.105698642874425208e-01,
4.224949126261159371e-01,
4.328105914335190207e-01,
4.425176547779057779e-01,
4.511972380290731888e-01,
4.581605156246358335e-01,
4.634740254263661763e-01,
4.669949558476924056e-01,
4.691750648153543701e-01,
4.711231577774980250e-01,
4.725200955100199440e-01,
4.725539951122272875e-01,
4.709045840680972095e-01,
4.658940078670796847e-01,
4.577372311037503083e-01,
4.494630733092847552e-01,
4.417243997734593974e-01,
4.330375025183608728e-01,
4.226474773168610310e-01,
4.101584310925148746e-01,
3.948914003134127992e-01,
3.767731025819096025e-01,
3.569103855415997617e-01,
3.362052099215004919e-01,
3.147517805296878857e-01,
2.922119421372660342e-01,
2.697497943827043554e-01,
2.486384194775557166e-01,
2.300086139620181325e-01,
2.128576276905479736e-01,
1.961510702630867020e-01,
1.804329309336716869e-01,
1.670345270530784465e-01,
1.551991739077265287e-01,
1.449621987619753583e-01,
1.381227623961432116e-01,
1.332039747265744700e-01,
1.288660971843604841e-01,
1.244144522834433469e-01,
1.181824784123215871e-01,
1.111788862624349811e-01,
1.043850740026049800e-01,
9.575201421590369411e-02,
8.440972904809997124e-02,
7.087798912553419650e-02,
5.555175225476311623e-02,
4.005243513869586464e-02,
2.650414698663027674e-02,
1.596883590945831488e-02,
7.436173481968181426e-03,
-4.104236300350322126e-04,
-6.287545253569750553e-03,
-9.182584112745634589e-03,
-1.025822084205575691e-02,
-1.027028563838403019e-02,
-9.782782908064006216e-03,
-9.604119489577754576e-03,
-1.042972998860905269e-02,
-1.333981353533858841e-02,
-1.802195363420861646e-02,
-2.293617102623109888e-02,
-2.778889570686532764e-02,
-3.247990921827735578e-02,
-3.636699063980592533e-02,
-3.972598219875411729e-02,
-4.318804320846093836e-02,
-4.681226420069387745e-02,
-5.110238878875408147e-02,
-5.684932021115718381e-02,
-6.330482236092711823e-02,
-6.969750724449838564e-02,
-7.708000225252990834e-02,
-8.514193737361717973e-02,
-9.236340814581056602e-02,
-9.938809971648444874e-02,
-1.063959257674784997e-01,
-1.124331511441863524e-01,
-1.174876689329699270e-01,
-1.204927313114371873e-01,
-1.207109913946926294e-01,
-1.194744494415026781e-01,
-1.178238542036330189e-01,
-1.167163665339510936e-01,
-1.180544416177986139e-01,
-1.216979690795101932e-01,
-1.262927419533650952e-01,
-1.317918692820306548e-01,
-1.382675811367372609e-01,
-1.457515760750691669e-01,
-1.540528218803491889e-01,
-1.614645428170876362e-01,
-1.666021512890872303e-01,
-1.691683066836305593e-01,
-1.689408502881742102e-01,
-1.672957011028791685e-01,
-1.658033664969850163e-01,
-1.643671148424863671e-01,
-1.621402401085257627e-01,
-1.586729494766707937e-01,
-1.543333791036527458e-01,
-1.491900920632048544e-01,
-1.422206875779330471e-01,
-1.330243804588663870e-01,
-1.222310097595163403e-01,
-1.099836382212364960e-01,
-9.671147513735346701e-02,
-8.353174060322961225e-02,
-7.107091445057939216e-02,
-5.901559082099331471e-02,
-4.623442054814455582e-02,
-3.159598017814660431e-02,
-1.426520347628676584e-02,
6.489466391844362671e-03,
3.060429175555336515e-02,
5.924064109295368308e-02,
9.564727456017532714e-02,
1.428135834990684194e-01,
1.965013177433305169e-01,
2.550093477579536971e-01,
3.156726360394542796e-01,
3.761720100793223276e-01,
4.351395771993799011e-01,
4.901673311000897537e-01,
5.400898626216216192e-01,
5.796269876435787838e-01,
6.060496415114601243e-01,
6.188740906470633352e-01,
6.216985129800745025e-01,
6.201234746842313461e-01,
6.180921866381703378e-01,
6.146007960403587767e-01,
6.138560246886906047e-01,
6.115882684416988901e-01,
6.013501152832625429e-01,
5.756041303929662067e-01,
5.359255199564080252e-01,
4.853155711912785497e-01,
4.285715774617510632e-01,
3.704720683078762677e-01,
3.128829256225246769e-01,
2.564380946052977062e-01,
2.040680958270469081e-01,
1.601653690885075088e-01,
1.295301259123941839e-01,
1.092304399701324591e-01,
9.760564257498463570e-02,
9.309249843981259875e-02,
9.318813120554127194e-02,
9.500181895773900098e-02,
9.639932963524233678e-02,
9.697261770775623957e-02,
9.726660876126098920e-02,
9.737963622365700123e-02,
9.708588768497586341e-02,
9.713791874667401793e-02,
9.839470044882919764e-02,
1.013648311237985433e-01,
1.056499486286084505e-01,
1.104199472578814983e-01,
1.161943329623853216e-01,
1.235154949357604726e-01,
1.323759871854063297e-01,
1.435760782317342388e-01,
1.574606850695817462e-01,
1.729964385845226271e-01,
1.893337397223866791e-01,
2.063716836612864702e-01,
2.235321268678492346e-01,
2.395603264377564046e-01,
2.537861310683235394e-01,
2.661480650965099559e-01,
2.759686071030214571e-01,
2.821514833109562415e-01,
2.842973076504353713e-01,
2.807968435391158812e-01,
2.709178670412343282e-01,
2.564218237106257736e-01,
2.393931849250552635e-01,
2.211623235171481794e-01,
2.037338668216906734e-01,
1.892212235125592390e-01,
1.780072148951236666e-01,
1.685984502033506527e-01,
1.595128316912619304e-01,
1.512854070721490474e-01,
1.457640884736901565e-01,
1.432511845015420615e-01,
1.423879195203582582e-01,
1.423493795779552096e-01,
1.420696827957609598e-01,
1.399741509801148975e-01,
1.358164236966644955e-01,
1.300506518935747591e-01,
1.235223398183834531e-01,
1.168264374824860702e-01,
1.091141251577353588e-01,
1.001977919369563680e-01,
9.124579914080416243e-02,
8.190175318683538819e-02,
7.167281979430002725e-02,
