-9.646801746719345649e-01,
-2.634239180388250889e-01,
-9.624473757103900740e-01,
-2.714683204136040806e-01,
-9.624473757103900740e-01,
-2.714683204136040806e-01,
-9.624473757103900740e-01,
-2.714683204136040806e-01,
-9.624473757103879645e-01,
-2.714683204136115746e-01,
-9.624473757103879645e-01,
-2.714683204136115746e-01,
-9.625578457880085148e-01,
-2.710763610349458674e-01,
-9.635017334858080318e-01,
-2.677020910823127986e-01,
-9.643260719463245811e-01,
-2.647172585317625892e-01,
-9.643260719463245811e-01,
-2.647172585317625892e-01,
-9.643260719463226938e-01,
-2.647172585317690285e-01,
-9.643260719463224717e-01,
-2.647172585317700833e-01,
-9.642101792078476841e-01,
-2.651390773008956425e-01,
-9.634143378884348907e-01,
-2.680164426877363892e-01,
-9.629714894824313864e-01,
-2.696032463528352796e-01,
-9.634855081149590328e-01,
-2.677604818722491564e-01,
-9.640622116249112361e-01,
-2.656765930918359997e-01,
-9.644857148358311205e-01,
-2.641350144861829841e-01,
-9.644094821884393598e-01,
-2.644132195353067205e-01,
-9.640156824546574077e-01,
-2.658453760769240448e-01,
-9.636169799513590872e-01,
-2.672869543195521835e-01,
-9.632160388893603598e-01,
-2.687282315393940135e-01,
-9.628128594908929028e-01,
-2.701692017957826319e-01,
-9.624074421656212408e-01,
-2.716098585549250877e-01,
-9.619997873490911955e-01,
-2.730501952760757689e-01,
-9.615898955027990525e-01,
-2.744902054116243884e-01,
-9.612688213231824763e-01,
-2.756125054346041381e-01,
-9.630101105247882431e-01,
-2.694652612620691556e-01,
-9.673408962372606057e-01,
-2.534789744079249396e-01,
-9.720991308385786844e-01,
-2.345704154894215354e-01,
-9.764804902508618101e-01,
-2.156057795130657817e-01,
-9.863400624977092246e-01,
-1.647218294945004269e-01,
-9.978070904067345426e-01,
-6.618920103798384136e-02,
-9.998796846796565996e-01,
1.551180727416051446e-02,
-9.981548535439771497e-01,
6.071975252421350777e-02,
-9.959124662768641389e-01,
9.032363762788793438e-02,
-9.961512879751781568e-01,
8.765050750220215736e-02,
-9.943027994750889276e-01,
1.065924150960154276e-01,
-9.897277411203361241e-01,
1.429650252923306275e-01,
-9.884664175980344414e-01,
1.514402234576662509e-01,
-9.879279490526560181e-01,
1.549140648250273977e-01,
-9.875891031638457385e-01,
1.570597444033023371e-01,
-9.849980982364399118e-01,
1.725651948412439129e-01,
-9.791809994431418529e-01,
2.029890891883849857e-01,
-9.719123714345004883e-01,
2.353430310261293845e-01,
-9.635206873656034787e-01,
2.676338637364767958e-01,
-9.503758626282839961e-01,
3.111040336182497312e-01,
-9.289604061447048755e-01,
3.701790969456068559e-01,
-9.044836748073303845e-01,
4.265082437738192400e-01,
-8.873732445858395490e-01,
4.610517593429175887e-01,
-8.780792205278298290e-01,
4.785152897005892636e-01,
-8.748280500208082122e-01,
4.844335691266556942e-01,
-8.770046467406463764e-01,
4.804818930982872049e-01,
-8.830725771923744194e-01,
4.692364259206842081e-01,
-8.954644654554609895e-01,
4.451330038388140453e-01,
-9.118440404532387467e-01,
4.105367777555531394e-01,
-9.358312501371687242e-01,
3.524483951824775585e-01,
-9.626288084605214568e-01,
2.708242550472106935e-01,
-9.799971768788553472e-01,
1.990113898988534191e-01,
-9.883859808978572303e-01,
1.519643141154542465e-01,
-9.947291982819445044e-01,
1.025369303488242595e-01,
-9.999812911146617189e-01,
6.116978065534854798e-03,
-9.924677766478076091e-01,
-1.225059684903443691e-01,
-9.725893113459771477e-01,
-2.325296356500774764e-01,
-9.487258710357091562e-01,
-3.161000183921776063e-01,
-9.187663945141942845e-01,
-3.948016113333226440e-01,
-8.696181674019558550e-01,
-4.937248656128875868e-01,
-7.984383360661029272e-01,
-6.020765927188939104e-01,
-7.302222284567488897e-01,
-6.832097021176292140e-01,
-6.776362163781530779e-01,
-7.353972791985982083e-01,
-6.287779072818677761e-01,
-7.775849428289073328e-01,
-5.745847081780359744e-01,
-8.184451191912388568e-01,
-5.136643525455765191e-01,
-8.579912196077146280e-01,
-4.491897858937841104e-01,
-8.934363638495449456e-01,
-3.834839036134998769e-01,
-9.235475600473166402e-01,
-3.141643206909994768e-01,
-9.493686215610682710e-01,
-2.108863938871888277e-01,
-9.775105773715481172e-01,
-6.989232855293214808e-02,
-9.975545410700354942e-01,
5.511848332269553286e-02,
-9.984798209258943791e-01,
1.133704551702626601e-01,
-9.935527866673654618e-01,
1.256296969767856098e-01,
-9.920772042726921924e-01,
1.421759224993408011e-01,
-9.898414050045903911e-01,
1.952164632031637703e-01,
-9.807601809282675553e-01,
2.825889868141749361e-01,
-9.592410878039671074e-01,
3.727791539797436493e-01,
-9.279200948132045879e-01,
4.587626026509272759e-01,
-8.885588750380851719e-01,
5.378677794261824685e-01,
-8.430292117448525691e-01,
6.083791509935525532e-01,
-7.936465262548335620e-01,
6.696270888015716238e-01,
-7.426974901957945630e-01,
7.218079911043496777e-01,
-6.920933636279884560e-01,
7.668072961110149466e-01,
-6.418773797470309628e-01,
8.160269243424380647e-01,
-5.780138914837782416e-01,
8.701346677811625518e-01,
-4.928140216403807949e-01,
9.175650142263680475e-01,
-3.975857702028139373e-01,
9.541260317603057484e-01,
-2.994052696886477238e-01,
9.792555541212698555e-01,
-2.026291186444949544e-01,
9.938316442527245220e-01,
-1.108993367064285418e-01,
9.996459529705067348e-01,
-2.660768140382823235e-02,
9.988050161802544125e-01,
4.887268821296243682e-02,
9.935166952904069815e-01,
1.136863060321192664e-01,
9.852491397308095200e-01,
1.711260724135854061e-01,
9.742194575410366708e-01,
2.256024125501509547e-01,
9.665788753230520891e-01,
2.563694166222323934e-01,
9.666324134826262959e-01,
2.561674788195277275e-01,
9.690288109366463898e-01,
2.469476940056520020e-01,
9.713390985946197542e-01,
2.376980343658556538e-01,
9.734683835369550842e-01,
2.288215598538466400e-01,
9.745787521905205919e-01,
2.240452092296731923e-01,
9.746136961885202288e-01,
2.238931513060435918e-01,
9.744397133066647898e-01,
2.246491600937446098e-01,
9.742651499037620066e-01,
2.254050081142833784e-01,
9.740900066231553689e-01,
2.261606928643905279e-01,
9.739142839609058466e-01,
2.269162125034621391e-01,
9.737379825721044213e-01,
2.276715645319106474e-01,
9.735611029635248270e-01,
2.284267471126034399e-01,
9.733836457408319154e-01,
2.291817580094162310e-01,
9.732056116204903518e-01,
2.299365945437724656e-01,
9.730270011487870407e-01,
2.306912547874284403e-01,
9.728478150547540393e-01,
2.314457360661261176e-01,
9.726680538960690292e-01,
2.322000364557120777e-01,
9.724877183079050358e-01,
2.329541537304815890e-01,
9.723068089311786011e-01,
2.337080856668604656e-01,
9.721253264125353510e-01,
2.344618300434456737e-01,
9.719432714043301225e-01,
2.352153846410751092e-01,
9.717606445646275182e-01,
2.359687472428071420e-01,
9.715774465571797025e-01,
2.367219156340001074e-01,
9.714618382372890437e-01,
2.371959039457202378e-01,
9.714944286800132334e-01,
2.370623863958483679e-01,
9.716071650039926899e-01,
2.365999089452573423e-01,
9.717197775842302265e-01,
2.361369811182784106e-01,
9.718321364147367580e-01,
2.356741365351076589e-01,
9.719442415735657370e-01,
2.352113757282716933e-01,
9.720560931396864390e-01,
2.347486992296425046e-01,
9.721676911929794107e-01,
2.342861075704489038e-01,
9.722790358142362477e-01,
2.338236012812635878e-01,
9.723901270851602607e-01,
2.333611808919942576e-01,
9.725009650883649215e-01,
2.328988469318789001e-01,
9.726115499073673121e-01,
2.324365999295048835e-01,
9.727218816265902346e-01,
2.319744404127867810e-01,
9.728319603313623221e-01,
2.315123689089605974e-01,
9.729417861079102670e-01,
2.310503859446018105e-01,
9.733370157924394750e-01,
2.293797150758284942e-01,
9.758937833660547012e-01,
2.182460162007262006e-01,
9.803567293944664973e-01,
1.972325610313495625e-01,
9.846440102657736393e-01,
1.745742622717769699e-01,
9.884000537147672460e-01,
1.518727553468539326e-01,
9.932338774453206565e-01,
1.161312391001390054e-01,
9.994719484480147909e-01,
3.249344957878192580e-02,
9.982003576775566600e-01,
-5.996704038384656488e-02,
9.949952550989938915e-01,
-9.992218137374644926e-02,
9.934641462630610098e-01,
-1.141446016673896419e-01,
9.911814851966664897e-01,
-1.325113708454130901e-01,
9.874425115531161312e-01,
-1.579787529311275085e-01,
9.817445860676825564e-01,
-1.902040160637905042e-01,
9.738189566548470788e-01,
-2.273249648843369275e-01,
9.644070987102446590e-01,
-2.644219127782119760e-01,
9.553771414964000730e-01,
-2.953887565669479076e-01,
9.485937472022270001e-01,
-3.164962918721758722e-01,
9.447208995461332526e-01,
-3.278756196498066600e-01,
9.449196697525478195e-01,
-3.273023338058198006e-01,
9.465556287008937142e-01,
-3.225406048463598241e-01,
9.423042758399183816e-01,
-3.347576014578416692e-01,
9.275562960227700104e-01,
-3.736834458582820040e-01,
8.993247476130843410e-01,
-4.372813720371153678e-01,
8.576677359496688302e-01,
-5.142042927776558914e-01,
8.231519509643349108e-01,
-5.678211563719772759e-01,
8.046251644338123787e-01,
-5.937830788763353018e-01,
7.877069553710960292e-01,
-6.160501217108865779e-01,
7.702351048334202810e-01,
-6.377600514944865573e-01,
7.543974883451914915e-01,
-6.564178772538622475e-01,
7.442497995521034637e-01,
-6.679013668698796646e-01,
7.379439836335249803e-01,
-6.748619688640662417e-01,
7.316492216190053632e-01,
-6.816813159419169432e-01,
7.252912677990240864e-01,
-6.884421376226792511e-01,
7.188723310203992689e-01,
-6.951421233771533092e-01,
7.123946868121280307e-01,
-7.017790323184712742e-01,
7.058606729540033431e-01,
-7.083506973081352687e-01,
6.992726848535899542e-01,
-7.148550288118925566e-01,
6.926331707534774118e-01,
-7.212900184890845834e-01,
6.859446267917738149e-01,
-7.276537425008506865e-01,
6.792095919395325643e-01,
-7.339443645245420367e-01,
6.716086360390562948e-01,
-7.409060939132289247e-01,
6.631749145354020047e-01,
-7.484644498778565413e-01,
6.562210098473619801e-01,
-7.545687418883109121e-01,
6.522940285723994869e-01,
-7.579660284529842196e-01,
6.515312318046198037e-01,
-7.586218122247438966e-01,
6.539804305609971946e-01,
-7.565114648458758362e-01,
6.595970652766548481e-01,
-7.516193926971445061e-01,
6.682435763116166827e-01,
-7.439425533724096651e-01,
6.796918200566692825e-01,
-7.334978048692799568e-01,
6.984964189115129285e-01,
-7.156135498771611925e-01,
7.391376700819511925e-01,
-6.735543813723020579e-01,
8.022271896587209739e-01,
-5.970188742177843233e-01,
8.751005687988177018e-01,
-4.839411064251368799e-01,
9.461751934000766084e-01,
-3.236549140586738038e-01,
9.937119039122587205e-01,
-1.119671917262979460e-01,
9.916015554693092815e-01,
1.293304109281588066e-01,
9.332001397325803138e-01,
3.593570636610511349e-01,
8.170591285691012340e-01,
5.765538833638197413e-01,
6.303143795631593882e-01,
7.763399918308403480e-01,
4.123934743984567497e-01,
9.110058299887929811e-01,
2.313490194097590213e-01,
9.728708193887526390e-01,
1.106249324947594370e-01,
9.938622260205535186e-01,
4.015502337961487228e-02,
9.991934617967547227e-01,
6.243630045093772479e-03,
9.999805083519677229e-01,
-3.208626298799226693e-03,
9.999948523453882077e-01,
-7.546467382607335850e-03,
9.999715250096091745e-01,
-1.590148620116680137e-02,
9.998735633751870688e-01,
-2.386348807989614393e-02,
9.997152264203343908e-01,
-3.074674661018044625e-02,
9.995272070198434333e-01,
-3.637454237204419683e-02,
9.993382273621000955e-01,
-4.059406930662300128e-02,
9.991757210506714282e-01,
-4.328712437851995470e-02,
9.990626731406987426e-01,
-4.437892592303454425e-02,
9.990147701280086556e-01,
-4.384386060368095084e-02,
9.990383956021734457e-01,
-4.170734007200697924e-02,
9.991298703292369465e-01,
-3.804351034712340901e-02,
9.992760836327808649e-01,
-3.296917453123875824e-02,
9.994563689980312526e-01,
-2.663482086805421534e-02,
9.996452302278677760e-01,
-1.921398362303116530e-02,
9.998153943770489160e-01,
-1.089222419176611063e-02,
9.999406779665264144e-01,
-1.019608794223165853e-02,
9.999480185443011537e-01,
-3.369811388239601913e-02,
9.994320572809185510e-01,
-7.380931436652903022e-02,
9.972723725807022266e-01,
-1.142606558254763843e-01,
9.934508052894879260e-01,
-1.543727066360324196e-01,
9.880126858729424422e-01,
-1.938904724091710385e-01,
9.810231825542903294e-01,
-2.325776994948491050e-01,
9.725778188390291623e-01,
-2.702240614582916423e-01,
9.627974639606117213e-01,
-3.083773359803789749e-01,
9.512641161389641109e-01,
-3.550520130480549486e-01,
9.348465478518515059e-01,
-4.096821113523200775e-01,
9.122283527921641877e-01,
-4.641592368617162290e-01,
8.857517726970400851e-01,
-5.167508438074022159e-01,
8.561358335126135755e-01,
-5.667540816465227449e-01,
8.238870134533050615e-01,
-6.136107220903040949e-01,
7.896086889946282161e-01,
-6.569351244301466775e-01,
7.539471084167295167e-01,
-6.965186239596390383e-01,
7.175387142707849719e-01,
-7.328607704545708756e-01,
6.803786380602590000e-01,
-7.706458661942132693e-01,
6.372636416097900991e-01,
-8.101859629003203001e-01,
5.861729314112694711e-01,
-8.467624626512330055e-01,
5.319711757650216200e-01,
-8.789360872069752473e-01,
4.769395712302476054e-01,
-9.064834466694948745e-01,
4.222413538655268028e-01,
-9.294648146788820897e-01,
3.689107727811037907e-01,
-9.481654908778438529e-01,
3.177769688136279913e-01,
-9.630190569492330654e-01,
2.694332866455256270e-01,
-9.743524539411807517e-01,
2.250273216718338132e-01,
-9.821809152146575572e-01,
1.879378881122630018e-01,
-9.887459167018605166e-01,
1.496045193348033986e-01,
-9.951532908415491319e-01,
9.833579067275100005e-02,
-9.993091137091063558e-01,
3.716578073874308302e-02,
-9.996595839988396959e-01,
-2.609053696777230424e-02,
-9.964282259706663814e-01,
-8.444400801093412956e-02,
-9.907708340777797718e-01,
-1.355476091298580266e-01,
-9.834545155078622258e-01,
-1.811552260554354088e-01,
-9.762100669226709826e-01,
-2.168269015570580549e-01,
-9.707497868101802041e-01,
-2.400934222505684001e-01,
-9.667115305007272230e-01,
-2.558687491604660913e-01,
-9.638316109965476830e-01,
-2.665119615398142128e-01,
-9.617362979779694454e-01,
-2.739768113392631044e-01,
-9.589443754731336034e-01,
-2.835942255202701379e-01,
-9.556101240611493131e-01,
-2.946341643323715509e-01,
-9.537403761400742308e-01,
-3.006314935601219762e-01,
-9.542314852740426678e-01,
-2.990690096143271415e-01,
-9.571986833089451974e-01,
-2.894316511227155164e-01,
-9.619497009416083655e-01,
-2.732265961767811890e-01,
-9.660531874709176181e-01,
-2.583432580449508964e-01,
