3.108065529315101827e+00,
-2.817398930778530541e+00,
3.048342498824109015e+00,
-2.605660508122245034e+00,
2.988619468333116203e+00,
-2.393922085465959526e+00,
2.928896437842123390e+00,
-2.182183662809674018e+00,
2.869173407351130578e+00,
-1.970445240153388511e+00,
2.809450376860134213e+00,
-1.758706817497103003e+00,
2.749727346369141401e+00,
-1.546968394840817496e+00,
2.690176787897557986e+00,
-1.335181400478459679e+00,
2.631938991020570384e+00,
-1.123029664650267989e+00,
2.573701194143582782e+00,
-9.108779288220780757e-01,
2.515463397266595180e+00,
-6.987261929938863858e-01,
2.457225600389604026e+00,
-4.865744571656946960e-01,
2.398987803512616424e+00,
-2.744227213375047825e-01,
2.340564417541193265e+00,
-6.232201891341127009e-02,
2.281060951525912373e+00,
1.494782113317896233e-01,
2.221939037243842563e+00,
3.613852646623243459e-01,
2.163246399904387829e+00,
5.734116175562320450e-01,
2.105041413530999606e+00,
7.855723574685935517e-01,
2.047027003695388814e+00,
9.977852949669134830e-01,
1.988699579728809397e+00,
1.209912592390326225e+00,
1.930055023375377488e+00,
1.421952249082526265e+00,
1.871093352722246195e+00,
1.633903944980064082e+00,
1.811814634583031491e+00,
1.845767187605670046e+00,
1.752218937208011695e+00,
2.057541484569357593e+00,
1.692306330285667570e+00,
2.269226343574112903e+00,
1.632076884944202888e+00,
2.480821272421588120e+00,
1.571530673753043672e+00,
2.692325779017828324e+00,
1.510807393220257921e+00,
2.903779516598929078e+00,
1.452968706612052685e+00,
3.116040407559276915e+00,
1.399281951091621679e+00,
3.329389259552815616e+00,
1.349762622042142368e+00,
3.543743725977908099e+00,
1.304419888838278752e+00,
3.759020381986333703e+00,
1.277349284367625515e+00,
3.977348526426869313e+00,
1.275344143498317706e+00,
4.197339388774535607e+00,
1.284172409782993185e+00,
4.417162170850632563e+00,
1.302055156933782598e+00,
4.636434190635851493e+00,
1.323913178892707876e+00,
4.855345667609794802e+00,
1.340618715543733686e+00,
5.074710473032093105e+00,
1.370791612301886175e+00,
5.292631543267704686e+00,
1.403522240604761606e+00,
5.510183160424380944e+00,
1.437425068665097783e+00,
5.727555187724229668e+00,
1.471684406202479423e+00,
5.944871311806886993e+00,
1.506531291615726076e+00,
6.162093986995424544e+00,
1.547605251757030231e+00,
6.378225723491889099e+00,
1.595834175033038704e+00,
6.592874217535628745e+00,
1.651142006489489944e+00,
6.805808611261719321e+00,
1.713576446876205139e+00,
7.016763456044026626e+00,
1.787971762413485877e+00,
7.223802861632174555e+00,
1.876359762288725364e+00,
7.425266410551520480e+00,
1.975566021454961074e+00,
7.621628571375248740e+00,
2.079209416077949513e+00,
7.815685385858317957e+00,
2.186105288715058492e+00,
8.007969738868395027e+00,
2.292359890707324155e+00,
8.200609193713328082e+00,
2.397516465800801910e+00,
8.393850221234833597e+00,
2.498813725338472125e+00,
8.589141945537230427e+00,
2.593346113988202362e+00,
8.787796501834508334e+00,
2.679409666259969569e+00,
8.990263943326587182e+00,
2.748288345934559729e+00,
9.199203631511833734e+00,
2.798456049608619267e+00,
9.413407277126095707e+00,
2.835814712773119695e+00,
9.630212090112353351e+00,
2.865309416584615576e+00,
9.848226011244770817e+00,
2.880908219019687522e+00,
1.006767230238683375e+01,
2.867995230046627597e+00,
1.028729301208435665e+01,
2.827116241219641779e+00,
1.050346171956047492e+01,
2.765798972164402514e+00,
1.071474385205119795e+01,
2.688138900770193018e+00,
1.092058095619571212e+01,
2.592262714420215275e+00,
1.111859043541912051e+01,
2.471364947371958110e+00,
1.130239394805432873e+01,
2.327896318174563106e+00,
1.146917750039196982e+01,
2.171014779391839511e+00,
1.162341159212467012e+01,
2.004490679800355224e+00,
1.176718155798391585e+01,
1.829054947724845448e+00,
1.189993030472703417e+01,
1.644603987434985370e+00,
1.201983794906149150e+01,
1.451796788507170533e+00,
1.212578817327921321e+01,
1.251755289421156547e+00,
1.221734907541542192e+01,
1.045694509610184397e+00,
1.229441369286780450e+01,
8.343395753197260234e-01,
1.235547995660127008e+01,
6.166068403841951096e-01,
1.238698430368190451e+01,
3.966084092035178088e-01,
1.238614900698445531e+01,
1.778549259123352044e-01,
1.236276414462231266e+01,
-4.054360092578690455e-02,
1.233626728652429527e+01,
-2.586530761728429439e-01,
1.230748783367219268e+01,
-4.760451799807468021e-01,
1.227371399420998621e+01,
-6.898006042788340508e-01,
1.222166961104005445e+01,
-8.976319370530241315e-01,
1.214951604642600280e+01,
-1.097618174093240917e+00,
1.205783450335861851e+01,
-1.288170640085526841e+00,
1.194788106547842155e+01,
-1.468182972409078246e+00,
1.182140750601754142e+01,
-1.637073587836194832e+00,
1.168042537568492456e+01,
-1.794732337940987854e+00,
1.152698574766006168e+01,
-1.941412680668178403e+00,
1.136301966027677501e+01,
-2.077005849271389870e+00,
1.118977276147828981e+01,
-2.195448482916370736e+00,
1.100437766665736383e+01,
-2.293537381070219539e+00,
1.080745492105083194e+01,
-2.370138266033822383e+00,
1.060122130306416999e+01,
-2.425100591387757021e+00,
1.038819749142557747e+01,
-2.459190407563656144e+00,
1.017085470628456001e+01,
-2.473848097230865406e+00,
9.951343536081159513e+00,
-2.470888392725673732e+00,
9.731363442553574217e+00,
-2.452357616239653204e+00,
9.512145264019340019e+00,
-2.420888335857125817e+00,
9.294407638480413070e+00,
-2.377092572312900387e+00,
9.078810829735042276e+00,
-2.321659827497262185e+00,
8.865908924773338029e+00,
-2.264291191625195765e+00,
8.653520507993311739e+00,
-2.208947414180274293e+00,
8.440595482894915236e+00,
-2.155635439931613107e+00,
8.227152672128239530e+00,
-2.104361468045192751e+00,
8.013211138234519026e+00,
-2.054954910409829694e+00,
7.798830653915375777e+00,
-2.005781590569050366e+00,
7.584396550713899288e+00,
-1.956441931246303945e+00,
7.370000659853316094e+00,
-1.906935967563473611e+00,
7.155643109111982980e+00,
-1.857263735136183591e+00,
6.941324026140632597e+00,
-1.807425304414344680e+00,
6.727043685850878418e+00,
-1.757420659194652401e+00,
6.512801988242758355e+00,
-1.707249836387298103e+00,
6.298599060627596558e+00,
-1.656912873394835728e+00,
6.084435030184840443e+00,
-1.606409808111747495e+00,
5.870310023960763957e+00,
-1.555740738695965852e+00,
5.656224420977872924e+00,
-1.504905663635617508e+00,
5.442178175639115878e+00,
-1.453904622481333675e+00,
5.228171414528182126e+00,
-1.402737655273642581e+00,
5.014204264089650920e+00,
-1.351404802542487182e+00,
4.800276850627744452e+00,
-1.299906105306768644e+00,
4.586389300305041772e+00,
-1.248241605073846294e+00,
4.372541739141238892e+00,
-1.196411343839050900e+00,
4.158734293011873362e+00,
-1.144415364085196174e+00,
3.944967087647095028e+00,
-1.092253708782056520e+00,
3.731240248630397716e+00,
-1.040049166874433162e+00,
3.517523880974332329e+00,
-9.879463039577327521e-01,
3.303782885201629327e+00,
-9.359452873973852505e-01,
3.090017058780183845e+00,
-8.840460989702396688e-01,
2.876226457558336946e+00,
-8.322487203358930330e-01,
2.662411137367454828e+00,
-7.805531330368404852e-01,
2.448571154021731644e+00,
-7.289593184986102870e-01,
2.234706563317972794e+00,
-6.774672580299130331e-01,
2.020817421035417283e+00,
-6.260769328227802077e-01,
1.806903782935512126e+00,
-5.747883239527178389e-01,
1.592965704761736490e+00,
-5.236014123788486074e-01,
1.379003242239383198e+00,
-4.725161789440530669e-01,
1.165016451075368664e+00,
-4.215326043751250751e-01,
9.510053869580286090e-01,
-3.706506692829147909e-01,
7.369701055569244375e-01,
-3.198703541624769997e-01,
5.229106625226460636e-01,
-2.697236610184763350e-01,
3.087021002344290110e-01,
-2.238468558798567543e-01,
9.353863245138960281e-02,
-1.829471109944709184e-01,
-1.226261466068585548e-01,
-1.470392781663747428e-01,
-3.396759797969224337e-01,
-1.161275059256947628e-01,
-5.574934872851944334e-01,
-9.595696862711022845e-02,
-7.765668694979783737e-01,
-1.018555306505835034e-01,
-9.964877806375369573e-01,
-1.223279365335248059e-01,
-1.215533165449732778e+00,
-1.458202416024754200e-01,
-1.434275248720421558e+00,
-1.725501802208881941e-01,
-1.652645369789189189e+00,
-2.041216514080081978e-01,
-1.870368223922691087e+00,
-2.420533823112274163e-01,
-2.087073513825675519e+00,
-2.877977288549384838e-01,
-2.302265182341029615e+00,
-3.420566162631262230e-01,
-2.515469246774312495e+00,
-4.041236721554675171e-01,
-2.726532461495359883e+00,
-4.720151927569995465e-01,
-2.935794836572169331e+00,
-5.433772266706249354e-01,
-3.143899282153443053e+00,
-6.162794800592195088e-01,
-3.351469193262982316e+00,
-6.873888610851990322e-01,
-3.559659916821805936e+00,
-7.581972513366492805e-01,
-3.767953391521759343e+00,
-8.346684657284111353e-01,
-3.974235121671304327e+00,
-9.225536535105041125e-01,
-4.175918521681219353e+00,
-1.026905603345606544e+00,
-4.369595240635558042e+00,
-1.148565458083963264e+00,
-4.552895212558897953e+00,
-1.276706900505163667e+00,
-4.731724095474505454e+00,
-1.409804413382125254e+00,
-4.906895595596216353e+00,
-1.547742528300453557e+00,
-5.078281366780290185e+00,
-1.690391745071571528e+00,
-5.245766323438627587e+00,
-1.836550261335784917e+00,
-5.410197720624903006e+00,
-1.984265022144946045e+00,
-5.573232530882680891e+00,
-2.133486331102944611e+00,
-5.734889578098051999e+00,
-2.284201571452057600e+00,
-5.895154721947012177e+00,
-2.436397610720574924e+00,
-6.054014300450401898e+00,
-2.590060815576499920e+00,
-6.211455145117572130e+00,
-2.745177067611033195e+00,
-6.367464595137565020e+00,
-2.901731779998697469e+00,
-6.522030510573274320e+00,
-3.059709914977204015e+00,
-6.675141284518822715e+00,
-3.219096002086726749e+00,
-6.826785854185268398e+00,
-3.379874157105259513e+00,
-6.976953710884984616e+00,
-3.542028101614134172e+00,
-7.125634908890221553e+00,
-3.705867538496247171e+00,
-7.272456706517521852e+00,
-3.871347251336010764e+00,
-7.417427256552581838e+00,
-4.037875586443694154e+00,
-7.561192038909243962e+00,
-4.204851895875515666e+00,
-7.704436278023223394e+00,
-4.371669132300364247e+00,
-7.847865736654174640e+00,
-4.537715747850738168e+00,
-7.992186636541976696e+00,
-4.702377909743513662e+00,
-8.138085149806844498e+00,
-4.865042944892739030e+00,
-8.286207049521241430e+00,
-5.025104774269756547e+00,
-8.437138273721942028e+00,
-5.179866117070535125e+00,
-8.593499803262838910e+00,
-5.321216717481951797e+00,
-8.762082328489100291e+00,
-5.442113133598792452e+00,
-8.945886798299621745e+00,
-5.533525689854897678e+00,
-9.145996197383389870e+00,
-5.583825245641160784e+00,
-9.360169045206935934e+00,
-5.582445935798426184e+00,
-9.580164724671568877e+00,
-5.527352747772125596e+00,
-9.793154731452681006e+00,
-5.425363477176391669e+00,
-9.988085946094628298e+00,
-5.275891488605939372e+00,
-1.014951121991216887e+01,
-5.087205735120782890e+00,
-1.026263793313782990e+01,
-4.877696977706472481e+00,
-1.032976562930299202e+01,
-4.660397883842440692e+00,
-1.036413298870098210e+01,
-4.440860268221697105e+00,
-1.037838910067837617e+01,
-4.220886646278978915e+00,
-1.038179581846793020e+01,
-4.000887635195097936e+00,
-1.038113618057407450e+01,
-3.780888921022907745e+00,
-1.038038402292782614e+01,
-3.560904087486356673e+00,
-1.037781576453359200e+01,
-3.340948777683832027e+00,
-1.037338743618436787e+01,
-3.121032643650346827e+00,
-1.036731590749504939e+01,
-2.901159092369091752e+00,
-1.035985893798924629e+01,
-2.681325223232871480e+00,
-1.035131115979566729e+01,
-2.461522456847426099e+00,
-1.034199757519178853e+01,
-2.241737849215430955e+00,
-1.033226483382844663e+01,
-2.021955962029253762e+00,
-1.032247084796503955e+01,
-1.802161050726757807e+00,
-1.031297353935729433e+01,
-1.582339267896294643e+00,
-1.030411963706840872e+01,
-1.362480579446653017e+00,
-1.029623443308571851e+01,
-1.142580154122626368e+00,
-1.028961325597621368e+01,
-9.226390938502566641e-01,
-1.028451517626844947e+01,
-7.026646926090043266e-01,
-1.028115916683077913e+01,
-4.826693826562795664e-01,
-1.027972264323373253e+01,
-2.626905224326563371e-01,
-1.027667291829762064e+01,
-4.300587494747531991e-02,
-1.026489839295601669e+01,
1.760186056271937360e-01,
-1.024420353396619632e+01,
3.940224200932131993e-01,
-1.021463406246298611e+01,
6.106558034583109418e-01,
-1.017629335265652202e+01,
8.255868531210772687e-01,
-1.012933920574318769e+01,
1.038507714770426915e+00,
-1.007397885264434656e+01,
1.249139518221662470e+00,
-1.001046257209051937e+01,
1.456975216146936702e+00,
-9.938321582408367050e+00,
1.660300527085572853e+00,
-9.854304810991170172e+00,
1.858171862693319909e+00,
-9.758144010946674385e+00,
2.049852213172291826e+00,
-9.650168597092729783e+00,
2.234701686050168945e+00,
-9.530876214970888327e+00,
2.412205177299094672e+00,
-9.400905023250487602e+00,
2.581987404658820040e+00,
-9.260997927741764002e+00,
2.743816304327863165e+00,
-9.111963007868880027e+00,
2.897595513565637049e+00,
-8.954635467634389556e+00,
3.043083938027150381e+00,
-8.789610869903091483e+00,
3.177851327658496317e+00,
-8.615720816765598755e+00,
3.300859579102894514e+00,
-8.433323169148330578e+00,
3.411795721842830531e+00,
-8.243340995512880909e+00,
3.510609936489860416e+00,
-8.046781205485256550e+00,
3.597498857384621829e+00,
-7.844666595617728611e+00,
3.672866247992290667e+00,
-7.637979013659402128e+00,
3.737272455587259401e+00,
-7.427617799267441256e+00,
3.791381886369780574e+00,
-7.214375754667193164e+00,
3.836261528583122526e+00,
-6.999002085094123693e+00,
3.874063466192438909e+00,
-6.782274114293841194e+00,
3.902070832287092728e+00,
-6.564064152686650999e+00,
3.917312822995505428e+00,
-6.344592783265723845e+00,
3.918415318486241361e+00,
-6.124595542232422751e+00,
3.905838539469430160e+00,
-5.904955319670028402e+00,
3.881273845853145943e+00,
-5.686331033506815125e+00,
3.846214865769386648e+00,
-5.469142417459560868e+00,
3.801585034104624228e+00,
-5.253716841490309264e+00,
3.750820758831155288e+00,
-5.039653793818026806e+00,
3.695948812476654410e+00,
-4.826606683021393174e+00,
3.638241010245474527e+00,
-4.614310169730517330e+00,
3.578684663445182323e+00,
-4.402524803093244010e+00,
3.517691908343277163e+00,
-4.191148638572958163e+00,
3.453905939093745658e+00,
-3.980598525588802339e+00,
3.388054440315727334e+00,
-3.770685257533989088e+00,
3.321628213614083336e+00,
-3.560953177857804519e+00,
3.256464656100318322e+00,
-3.350825254651413232e+00,
3.194281453717941588e+00,
-3.139796229668455396e+00,
3.136250739419551792e+00,
-2.927587755746795750e+00,
