-1.121720792479657391e-01,
-1.022164475281958640e-01,
-8.999753380718118756e-02,
-7.605435219727739449e-02,
-6.088573325982053058e-02,
-4.502906925738401483e-02,
-2.907163637311412432e-02,
-1.336467703046607600e-02,
2.796557540897017576e-03,
1.761823162050149202e-02,
3.084300494828404529e-02,
4.235757260070399655e-02,
5.213619097712891143e-02,
6.000301046082820444e-02,
6.498129013451994784e-02,
6.846558585551497378e-02,
7.038874186458034254e-02,
7.063460845616910400e-02,
6.860908344603366960e-02,
6.344855927023486386e-02,
5.477615980198811269e-02,
4.225512605651737114e-02,
2.560473038786592950e-02,
4.528400545588126894e-03,
-2.126010807519305296e-02,
-5.201440149768577631e-02,
-8.804587800932382746e-02,
-1.293328123916171746e-01,
-1.725262717193064010e-01,
-2.164205336129891855e-01,
-2.611704528659937741e-01,
-3.048497263607353180e-01,
-3.329988016866525791e-01,
-3.429989451438270054e-01,
-3.484245565212347184e-01,
-3.499035063504103427e-01,
-3.523597241920756740e-01,
-3.643206051015379643e-01,
-3.666719911831335943e-01,
-3.703297116826010926e-01,
-3.761071959142910370e-01,
-3.843973342360796908e-01,
-3.942924404383915116e-01,
-3.997534813629201600e-01,
-3.998439948215180006e-01,
-3.943220435982283112e-01,
-3.829560768835751916e-01,
-3.608622971264180967e-01,
-3.243442368059378800e-01,
-2.736213879104069102e-01,
-2.146970560902262404e-01,
-1.486903941599941881e-01,
-7.979204428642885927e-02,
-8.295234079357722071e-03,
6.295899977837692008e-02,
1.309960343057433585e-01,
1.938216031654799998e-01,
2.430228896242165038e-01,
2.808742627814632686e-01,
3.158267590956002624e-01,
3.527284744186289234e-01,
3.840473679705215804e-01,
3.985932113374539010e-01,
3.999998953561130777e-01,
3.950204070170547088e-01,
3.878261567781107200e-01,
3.772655572982583916e-01,
3.555274868309963865e-01,
3.212912314596314545e-01,
2.840644076864942136e-01,
2.503445538610779009e-01,
2.215552940001852267e-01,
1.967526660846838915e-01,
1.757712994405207230e-01,
1.592126048207366251e-01,
1.478986663605851293e-01,
1.410825148166861553e-01,
1.256185060580117807e-01,
9.891290666125016062e-02,
7.055721247941759700e-02,
6.125403629760001883e-02,
7.224115726758438549e-02,
1.001033496350455382e-01,
1.300546021830648047e-01,
1.592643276103902772e-01,
1.871744510464356803e-01,
2.137643983625346633e-01,
2.394673702595708498e-01,
2.649981820441826841e-01,
2.911656087181177521e-01,
3.186538090662345279e-01,
3.464440026791941185e-01,
3.669184832955099673e-01,
3.780147354776505209e-01,
3.793482013161166289e-01,
3.707650883161945354e-01,
3.524358625923756927e-01,
3.248568738872141815e-01,
2.887737570041100099e-01,
2.451272248273654031e-01,
1.958823364816526802e-01,
1.411458061266179509e-01,
8.039635792388746816e-02,
2.414320805197554473e-02,
-2.272431334312712686e-02,
-6.054300857028362126e-02,
-8.975034292772324229e-02,
-1.109337873031470967e-01,
-1.261469106224959447e-01,
-1.361280820633084532e-01,
-1.412145099260728731e-01,
-1.418316311784442452e-01,
-1.385298181298553755e-01,
-1.319625124249232673e-01,
-1.228700625594106310e-01,
-1.120028243313123395e-01,
-1.000181900797770806e-01,
-8.742825152426862700e-02,
-7.464817849627328195e-02,
-6.205985679460723770e-02,
-4.994912641660736313e-02,
-3.845650073301089961e-02,
-2.763389428581328883e-02,
-1.748151214285768515e-02,
-7.975332023968691522e-03,
8.936309165831900648e-04,
9.085716981378633497e-03,
1.658686894460802141e-02,
2.331927523002779931e-02,
2.904513147203346621e-02,
3.352967333089959534e-02,
3.654611702756806885e-02,
3.790663195316191364e-02,
3.744880505483379196e-02,
3.500490268774980596e-02,
3.039878552474992862e-02,
2.342119014204364913e-02,
1.379082298956402913e-02,
1.189680077406325524e-03,
-1.470066711534745961e-02,
-3.425195741364382707e-02,
-5.786834471365542854e-02,
-8.527288427469920107e-02,
-1.129654707948265641e-01,
-1.406122981394221094e-01,
-1.685134595509076016e-01,
-1.965838904453402480e-01,
-2.185735286851837600e-01,
-2.207936919087301053e-01,
-2.144715394218415228e-01,
-2.105796838352208267e-01,
-2.089702339401786624e-01,
-2.080654475545190840e-01,
-2.064763111373428550e-01,
-2.029131956204144605e-01,
-1.968357164956215377e-01,
-1.891399181311041455e-01,
-1.821517522831832270e-01,
-1.787640822870796287e-01,
-1.814970112161871652e-01,
-1.942786316547122916e-01,
-2.153041335282698809e-01,
-2.376365683909403836e-01,
-2.548720805791074295e-01,
-2.616739994918281242e-01,
-2.564271636350363148e-01,
-2.507421694186054983e-01,
-2.462612125996713752e-01,
-2.428343383954073287e-01,
-2.402541440409952100e-01,
-2.396923352594541312e-01,
-2.433537506300731679e-01,
-2.507920660969803484e-01,
-2.614271091117377765e-01,
-2.746292211914508341e-01,
-2.897716926776693902e-01,
-3.062610397536097429e-01,
-3.235230060477315428e-01,
-3.409498491326262148e-01,
-3.578480476920947728e-01,
-3.734007804362524663e-01,
-3.866122247549295121e-01,
-3.958947513370554838e-01,
-4.000000000000000222e-01,
-3.980278391220599121e-01,
-3.884882226268767114e-01,
-3.694864931703137345e-01,
-3.387397124231851242e-01,
-2.936178712460695284e-01,
-2.311267689796688563e-01,
-1.473355526396688542e-01,
-4.125211938178648119e-02,
7.553609911178070513e-02,
1.896719637749678666e-01,
2.856205860727815127e-01,
3.516983411319001829e-01,
3.876694196749168042e-01,
3.999976476699294015e-01,
3.944536381359413091e-01,
3.659021640362745686e-01,
3.006628817647440943e-01,
1.911378784259727959e-01,
5.697311800807906140e-02,
-7.219662989601760561e-02,
-1.794460550211993410e-01,
-2.600986963397672325e-01,
-3.166256962205685199e-01,
-3.558274153850213839e-01,
-3.809440142141855001e-01,
-3.948415626812972201e-01,
-4.000000000000000222e-01,
-3.983645542432714959e-01,
-3.911617476098575574e-01,
-3.790711629550125306e-01,
-3.623232842341799764e-01,
-3.407872412559857511e-01,
-3.140992566942218955e-01,
-2.818055242157419538e-01,
-2.434666931865709927e-01,
-1.986784650888997472e-01,
-1.470447516536933785e-01,
-8.796510149380337706e-02,
-2.505281058646218612e-02,
3.345453359034435137e-02,
8.708131065888503886e-02,
1.360890913795666513e-01,
1.808373373823247421e-01,
2.217301620178256383e-01,
2.592354404796746170e-01,
2.938194136254269062e-01,
3.249042216094929492e-01,
3.494609555677088975e-01,
3.679712483524510969e-01,
3.811664953398082312e-01,
3.898460324955506651e-01,
3.949284111260836228e-01,
3.974363233003297968e-01,
3.984472981209397080e-01,
3.990553422795157235e-01,
3.999844664567177577e-01,
3.990471645118240374e-01,
3.959015136203878904e-01,
3.908718554016644697e-01,
3.842736525038637496e-01,
3.763481289770864713e-01,
3.672786582022087298e-01,
3.572193737655643409e-01,
3.462867714047051515e-01,
3.349336024149452973e-01,
3.249910254097039819e-01,
3.135171339548163960e-01,
2.972628752758076365e-01,
2.743918193939551275e-01,
2.446817356421095990e-01,
2.093066198411778767e-01,
1.696015469966164479e-01,
1.263036296767474920e-01,
8.305760448447997712e-02,
4.231272606099239358e-02,
5.466504218287172694e-03,
-2.659237925889108844e-02,
-5.374508139293884823e-02,
-7.775868006346484118e-02,
-9.816619301141900344e-02,
-1.137812333502810080e-01,
-1.231756037451265662e-01,
-1.250997502216190105e-01,
-1.188424268675019602e-01,
