-2.704916300320080527e-02 1.203388155048347471e+03
4.544372728699620258e-03 1.369859986661269204e+03
-3.565277665483279103e-03 1.296822183532276995e+03
1.262313809785886413e-02 1.914027275385770054e+03
8.585132617880079225e-03 1.582355891739916160e+03
-5.122511954933920558e-02 1.688478427928904921e+03
-1.221198488731910572e-02 1.197744098148142712e+03
7.643791423982024442e-03 1.540828987420922431e+03
3.075936323184561005e-02 1.945051608441892313e+03
1.702064143567038473e-02 1.760133777929729376e+03
1.846972483028830325e-02 1.895231268769764029e+03
2.745924806334493380e-03 2.423167877944554675e+03
5.387013134624850721e-03 2.236261288241528291e+03
2.893778339716052139e-02 1.797595907889270165e+03
-3.828860093215714347e-04 2.147365525807459562e+03
-2.535554679031755063e-03 2.353607394332520016e+03
8.876870477063812312e-03 2.088129943173092670e+03
-1.470548530323832065e-03 2.689833695021288349e+03
-1.938104569007123579e-02 1.960099790254530262e+03
7.411389523660615736e-03 2.646386431885025559e+03
4.505871850036108611e-04 2.587325705303142968e+03
-9.626810067465293302e-03 2.408352576189454339e+03
-9.887342495944106968e-02 2.636721946445142294e+03
-1.251469096523068758e-01 4.042367000626874869e+03
-8.007423170484737063e-03 1.906912737344973721e+03
-3.227574551111703216e-02 1.937395771175672280e+03
-1.791410195283107964e-02 2.180408535377899170e+03
5.479665701609631040e-02 2.075823006672694646e+03
1.568604020288513062e-02 2.176635236232861644e+03
-2.123253448676775540e-02 1.908926514987559131e+03
-8.128488120328827837e-02 2.057091298606867440e+03
-6.080104924684315987e-02 1.709853993979155121e+03
8.135178868470004099e-03 2.244397073042270677e+03
6.106993292585203431e-02 2.021043514692544250e+03
-1.344126497258689955e-02 2.216105384762222002e+03
-2.914706019516035253e-04 2.337214331129642233e+03
-9.476970848251669785e-03 2.396720688358444477e+03
1.823139747715310857e-02 2.116640971929755324e+03
5.647572628386170884e-02 1.976989371120920850e+03
-3.279184654508876442e-04 2.225775176843312693e+03
2.694880154165022954e-02 2.179849954822872405e+03
3.476838924988313179e-02 1.717281040318416899e+03
-2.111338431269885532e-02 1.859956249307434064e+03
-9.128477108936705608e-02 1.763785172719210777e+03
-7.087455861525322753e-02 1.721887103551713835e+03
-3.275811715713676520e-02 1.619235935220257488e+03
-4.735496479895093258e-02 1.763581635671788263e+03
-5.112078280097199362e-02 2.369871459382136891e+03
-6.456351461627676119e-03 1.796704857718222684e+03
-2.536971843058451453e-03 2.222712182654036042e+03
-3.802680349019459116e-02 2.102488937729458030e+03
3.067422945995468969e-02 1.861406901226842137e+03
9.454901730560207052e-02 2.468020079386766156e+03
1.263930825546054348e-01 2.883221678338360107e+03
1.223930887826405328e-01 2.796014557730038177e+03
1.181087091438872000e-01 2.386660664420909143e+03
1.350943344631997944e-01 1.952840838699519736e+03
1.987876814366840161e-01 1.868031067748320083e+03
2.080868033160690467e-01 1.603714779203247417e+03
2.038092682331026917e-01 1.892639041730392137e+03
2.203058582014645328e-01 1.192415055453432160e+03
2.972398681821147859e-01 1.027137146391973829e+03
3.111368046560500922e-01 1.046997524210411939e+03
2.876229988771838997e-01 7.652425239349955746e+02
3.062331867829286569e-01 6.314224109153908557e+02
3.763441949001533615e-01 5.548259870951379753e+02
4.073545561666033210e-01 6.381694641929415184e+02
5.515001871923586041e-01 4.606244141328053843e+02
4.307525872908563591e-01 3.974443104963963833e+02
2.345283907098063003e-01 2.572919599689349752e+02
1.089586060473229229e-01 2.218699845151607519e+02
1.869113464390605717e-01 2.623306561216463706e+02
4.096390177032999125e-01 2.435320718796286883e+02
3.229261540130279329e-01 2.341770058524347178e+02
1.298234672076097329e-01 2.783609524449692572e+02
1.738557548718342727e-01 3.259308789654353404e+02
4.055972831068292428e-01 3.432100389075934004e+02
4.253437711977373081e-01 3.441371038656746464e+02
4.399350437593434471e-01 3.423226820978959495e+02
3.145635222154989918e-01 3.693769291122205232e+02
1.719230121750645601e-01 3.561328530109300345e+02
2.436826425120109940e-01 5.139134957993869648e+02
2.685324593332953924e-01 4.558874535123075020e+02
3.182124948873949477e-01 4.015903226518499309e+02
1.482251425267101519e-01 6.407277932209490245e+02
2.270242474561557644e-01 8.243201732904055916e+02
2.313990955879975664e-01 6.472027610237753379e+02
1.517873273560986225e-01 6.705518353353058956e+02
2.124474503948938497e-01 6.198745365144789048e+02
9.006643861288762820e-02 7.238886659224245932e+02
1.003333480599817307e-01 5.052189720831131012e+02
1.475362324039378725e-01 4.588544738059891870e+02
3.938883882891702215e-01 6.630650690650970773e+02
3.286639212052211989e-01 7.922531475693938319e+02
2.271401270540831518e-01 7.939690796217897741e+02
1.933120704105969478e-01 5.134286341189833820e+02
2.972571387458627368e-01 3.854377639849735715e+02
1.665053006910192923e-01 3.606000908669814180e+02
9.327468403622897475e-02 4.275869259542369036e+02
1.592683747589561938e-01 5.574696395239501499e+02
6.171147789295702152e-02 8.464409935966427838e+02
2.142513192080916160e-02 1.844239630146158788e+03
5.047581815466232330e-02 1.053638472319866878e+03
3.821051110446685439e-02 1.033235033356979102e+03
-3.102294042619252804e-02 1.430374548291717019e+03
-5.903565798051290531e-02 9.901789429171334405e+02
-1.789782692560829003e-02 1.306525836082154910e+03
6.617629452548851564e-03 1.229149169515168069e+03
4.335526935800074200e-02 1.216834187890968451e+03
1.654887271224940448e-02 1.454520110322236633e+03
3.718846677389810174e-02 1.370985172091071490e+03
-1.138767306911825025e-02 1.630509973022832355e+03
-3.164407664220105637e-02 1.326683776644708132e+03
-8.956283961283447587e-03 1.101515283617757404e+03
1.026528162183861989e-02 1.289291924681970613e+03
4.372466136416989363e-02 1.418646765530543234e+03
4.179788345531244148e-02 1.527386372830707614e+03
2.126495112161278368e-04 1.816492351774028066e+03
5.064855774875345190e-02 1.779848552563207249e+03
1.367034790723335898e-02 2.022828952488123377e+03
-4.639220308474517086e-03 2.353122020379272271e+03
3.303773070917096627e-02 1.729072442245314960e+03
-4.230339726003175607e-03 2.583305931882122877e+03
-2.500035292129293429e-02 2.818218190496630996e+03
4.526921917937122737e-03 3.119914335290690360e+03
-1.155014696202383501e-03 2.582725879501355848e+03
-2.300289249305753625e-02 2.567018787301640714e+03
-2.233767361811683436e-02 1.949991185133211729e+03
1.548561047667774623e-03 2.416363502001485358e+03
-3.621459393225089042e-05 1.703462865410964241e+03
3.363958774185495798e-02 1.772027142036405621e+03
2.882340086867709802e-02 1.424315417815246974e+03
1.099528981714766908e-02 1.502307108717024903e+03
-1.707522409971291844e-02 1.595186971708405054e+03
3.487239623002189037e-02 1.615060467588292340e+03
2.948801686353333203e-05 1.409071007583996334e+03
-7.044397411585913427e-02 1.533745633085231702e+03
1.413714771940576724e-03 1.288161367722493878e+03
-2.206117904754912803e-02 1.343539070337632211e+03
-6.834591606126555474e-02 1.728645914327158152e+03
-5.351979146874338150e-02 1.519410229024331102e+03
-6.034032899052783894e-02 1.212148951528632779e+03
-1.982645745096839329e-02 1.227520324545020458e+03
-6.194646826545670282e-02 1.129939531144938655e+03
-4.082833276771786341e-02 1.059612213672377038e+03
-3.257795786374484415e-02 1.487896430607580442e+03
-7.863109436131168750e-02 1.204705629639960989e+03
-5.523699439511883455e-03 1.441043153269722552e+03
-6.105686955852682868e-02 1.495854045227958522e+03
5.956475468569296522e-02 2.010639240167439993e+03
1.633776801625607678e-01 5.162895900926925606e+03
1.368646217134323884e-01 1.001992709234843232e+03
4.948529883089454462e-02 9.823645159240785460e+02
-5.178836496290712549e-02 1.099404208613152605e+03
4.759256857950708297e-02 1.379259085761066444e+03
1.163081549928607905e-01 1.128234251131248357e+03
5.668741309408646678e-02 1.228250485903562776e+03
-7.713962354767199547e-02 1.196448582250560321e+03
-5.237071220185043896e-02 1.199843713803988976e+03
-6.403622256512411792e-02 1.133089084902877175e+03
-7.708847149678821342e-02 7.741322983257703072e+02
-3.802113874980145303e-02 1.146193534658177441e+03
-7.569186879651125521e-02 9.128853608275479701e+02
-3.415147240259135825e-02 8.700399833105408334e+02
-8.037553887172521616e-02 9.370277905328046018e+02
-1.967557220556674646e-01 8.243091413307863604e+02
-6.434556447922679112e-02 8.320595430673827195e+02
-5.199824964977785985e-02 6.167730338528269840e+02
-1.381097281878006580e-02 5.741407021714877601e+02
-1.653861546606827469e-03 3.741530038921022765e+02
1.138558786467395306e-02 3.471063359239150827e+02
-3.723423118616257018e-03 4.570144213603878711e+02
2.335070821767909824e-02 4.371787155567595846e+02
5.468402174950922484e-03 6.774380768891160187e+02
6.891458216410291382e-02 8.273379828280220636e+02
5.115046401529559777e-02 9.578117334412193031e+02
2.395020131867464305e-02 1.233136121856032787e+03
1.598364904751306270e-01 8.667885011257908445e+02
4.544885386568289776e-02 1.128551405226211500e+03
1.126634219658463054e-01 1.016467026545383874e+03
1.296873311627258496e-01 1.157247472532966867e+03
8.078470721836898683e-02 7.050516154426812818e+02
4.319742745529519395e-02 9.446849298247892648e+02
9.864807930390140367e-02 7.845563067024252177e+02
9.476027702042748302e-02 8.855975577522896174e+02
9.988463086798043955e-02 1.088908766458215041e+03
1.210650330945900049e-01 8.520537090536132609e+02
1.592104280865517807e-01 1.117941138993703817e+03
1.554089107337668363e-01 8.958809496240643284e+02
1.755489874477423329e-01 6.893740369311262839e+02
2.744538627494778615e-01 5.464588984970605452e+02
4.668692216161814956e-01 3.740589971007963754e+02
5.880820353872530104e-01 2.805916199361179793e+02
5.947258052025672370e-01 2.351926666894217419e+02
1.063771135367017395e+00 2.954566956761294136e+02
1.119634706929814261e+00 2.287035782179663386e+02
1.096186933569959221e+00 2.260037871203647626e+02
5.583952983392960201e-01 2.565171644171528555e+02
7.402174633636358081e-01 3.029435535768011505e+02
5.711766635339210474e-01 3.017004948695764028e+02
6.314440332130248912e-01 3.017236321926311575e+02
3.831193055462326913e-01 3.792949820810731580e+02
2.634615497890487879e-01 3.854486224421430052e+02
-9.350540655823232072e-02 4.717568269523906110e+02
-7.275454202459423481e-02 3.739471706690235919e+02
9.015140032259875980e-02 3.760358149274459834e+02
2.009726375217890937e-01 5.977994395808946138e+02
1.377721417175113983e-01 7.431462965831235579e+02
3.738166356083902353e-02 8.246542359905650983e+02
-2.065112374160995180e-03 8.515698662590903041e+02
5.707220207517979538e-02 1.058239735944595623e+03
-4.171084573767908782e-02 1.616640561817291200e+03
1.340031692636231781e-03 1.855036658977476918e+03
3.915257254922136464e-03 2.142825811914386577e+03
-9.836543784266254045e-03 2.612900001273400449e+03
3.094419195794221797e-02 2.197739416909843840e+03
4.327680218709774318e-02 2.155159522636614383e+03
2.113791319264603924e-02 2.083323569697197854e+03
2.478024004194434582e-02 2.257077436860478429e+03
6.866003830304016897e-02 2.100532674027044322e+03
1.042696258675331611e-01 2.316483434200989450e+03
5.739449782923669585e-02 2.052462536610510142e+03
3.666660790046327029e-02 1.961249888714630742e+03
4.238186862804955990e-02 1.929742262634892541e+03
5.083540490448099081e-02 2.203567461482626641e+03
1.159409104968902593e-01 2.172024636591371745e+03
1.173688360068280007e-01 2.103768631719483892e+03
9.605573537145541130e-02 2.242882202547991255e+03
5.022562172778728684e-02 1.503325602457633522e+03
6.407791796630628312e-02 1.580925365942908229e+03
8.093540960021318453e-02 1.549158117444271056e+03
8.521796809773389547e-02 1.801079651914088117e+03
9.885840156797932876e-02 1.913836719866360454e+03
9.764617788971767520e-02 1.564616509459305917e+03
1.129518416596453079e-01 2.287238643710917131e+03
1.127215909322499543e-01 1.746094445115462804e+03
1.447897821527730777e-01 1.986852686229651226e+03
1.357335287167817373e-01 1.681596919981872134e+03
8.773958689810204548e-02 1.899178920449971883e+03
5.657337912903025179e-02 1.816996301318664337e+03
1.615650207180640563e-01 1.831719796102911687e+03
1.261359476206042329e-01 2.004144041655797537e+03
7.321635113530138017e-02 1.639420998943527366e+03
7.035272548732315889e-02 1.579939715584866235e+03
7.668745096530603378e-02 1.527372161361006420e+03
5.766280344871035912e-02 1.690152109434672184e+03
5.706360601703196894e-02 1.272448193555985199e+03
1.140926706770936105e-01 1.482388907304993154e+03
1.864598364490578641e-02 1.452859784309171573e+03
5.735246502078041736e-02 2.145258635289900212e+03
1.288470073291858586e-01 1.540333442151003965e+03
1.162527137851032955e-01 2.578786191520050124e+03
1.165793888670825507e-01 1.810051211637724236e+03
9.836876629393929983e-02 2.020964576651095513e+03
1.177038159188251443e-01 1.710927478631088889e+03
1.067930431003014657e-01 1.491348334656000134e+03
1.066685673739293377e-01 1.411059054196770148e+03
2.381759668820473182e-03 1.061620315388822746e+03
7.734192933854186491e-02 1.147260575965069393e+03
6.427988728732575430e-02 1.279068918396147183e+03
9.621049293170981509e-02 1.121846742296778302e+03
1.437842918398125613e-01 9.884612668748907254e+02
1.280587741301131566e-01 1.102024543954728415e+03
1.083502133228552017e-01 1.119264943421577982e+03
1.019427300114098545e-01 1.185558441325970307e+03
3.288772645862967497e-02 1.174767085450823060e+03
-5.933948536794995260e-02 1.491331625600476173e+03
-4.449738470986112915e-02 1.253670841962984923e+03
-1.774985780623937817e-02 1.389466034536486632e+03
